Price,Adj Close,Close,High,Low,Open,Volume
Ticker,SETUINFRA.NS,SETUINFRA.NS,SETUINFRA.NS,SETUINFRA.NS,SETUINFRA.NS,SETUINFRA.NS
Date,,,,,,
2011-10-04 00:00:00+00:00,22.94010353088379,23.0,24.5,11.225000381469727,14.720000267028809,312473320
2011-10-05 00:00:00+00:00,18.352083206176758,18.399999618530273,23.239999771118164,18.399999618530273,21.899999618530273,51460000
2011-10-07 00:00:00+00:00,16.74627685546875,16.790000915527344,17.469999313354492,14.720000267028809,16.969999313354492,36704660
2011-10-10 00:00:00+00:00,17.75863265991211,17.80500030517578,18.860000610351562,16.014999389648438,16.014999389648438,36025610
2011-10-11 00:00:00+00:00,19.65867042541504,19.709999084472656,20.600000381469727,17.524999618530273,17.600000381469727,42419980
2011-10-12 00:00:00+00:00,17.673852920532227,17.719999313354492,20.600000381469727,17.350000381469727,19.674999237060547,18015330
2011-10-13 00:00:00+00:00,16.81609344482422,16.860000610351562,18.200000762939453,16.55500030517578,17.719999313354492,12768510
2011-10-14 00:00:00+00:00,18.252342224121094,18.299999237060547,18.540000915527344,16.670000076293945,16.934999465942383,16260580
2011-10-17 00:00:00+00:00,17.66387939453125,17.709999084472656,19.155000686645508,17.420000076293945,18.475000381469727,7886850
2011-10-18 00:00:00+00:00,17.319778442382812,17.364999771118164,19.735000610351562,17.06999969482422,17.7549991607666,27008250
2011-10-19 00:00:00+00:00,16.8310546875,16.875,17.975000381469727,16.614999771118164,17.600000381469727,2367960
2011-10-20 00:00:00+00:00,17.5791015625,17.625,18.0,16.34000015258789,16.514999389648438,5292700
2011-10-21 00:00:00+00:00,18.277278900146484,18.325000762939453,19.125,17.0,17.625,6535220
2011-10-24 00:00:00+00:00,18.83083152770996,18.8799991607666,19.299999237060547,17.795000076293945,17.795000076293945,1934350
2011-10-25 00:00:00+00:00,18.421899795532227,18.469999313354492,19.049999237060547,18.200000762939453,18.834999084472656,603560
2011-10-28 00:00:00+00:00,22.576053619384766,22.635000228881836,24.420000076293945,18.700000762939453,21.600000381469727,36838810
2011-10-31 00:00:00+00:00,21.798084259033203,21.854999542236328,23.94499969482422,21.610000610351562,22.34000015258789,17398610
2011-11-01 00:00:00+00:00,24.20180892944336,24.264999389648438,24.479999542236328,21.799999237060547,21.799999237060547,17060210
2011-11-02 00:00:00+00:00,23.71807289123535,23.780000686645508,25.770000457763672,23.389999389648438,23.5,13923580
2011-11-03 00:00:00+00:00,23.443788528442383,23.5049991607666,24.280000686645508,23.104999542236328,23.399999618530273,2210070
2011-11-04 00:00:00+00:00,24.800247192382812,24.864999771118164,25.670000076293945,22.799999237060547,23.0,10525050
2011-11-08 00:00:00+00:00,27.53809928894043,27.610000610351562,28.399999618530273,24.55500030517578,25.0,18778660
2011-11-09 00:00:00+00:00,27.453319549560547,27.524999618530273,28.8700008392334,26.729999542236328,27.6200008392334,22700160
2011-11-11 00:00:00+00:00,25.47847557067871,25.545000076293945,28.799999237060547,25.209999084472656,27.364999771118164,17270670
2011-11-14 00:00:00+00:00,24.231731414794922,24.295000076293945,26.600000381469727,24.0,25.700000762939453,7793170
2011-11-15 00:00:00+00:00,26.62548065185547,26.69499969482422,28.31999969482422,23.510000228881836,24.200000762939453,28092370
2011-11-16 00:00:00+00:00,22.266862869262695,22.325000762939453,30.940000534057617,21.360000610351562,27.100000381469727,45325780
2011-11-17 00:00:00+00:00,22.19205665588379,22.25,23.489999771118164,21.510000228881836,22.299999237060547,13296510
2011-11-18 00:00:00+00:00,21.63850212097168,21.69499969482422,23.184999465942383,20.815000534057617,22.200000762939453,8354680
2011-11-21 00:00:00+00:00,20.202251434326172,20.2549991607666,21.4950008392334,20.200000762939453,21.4950008392334,2455400
2011-11-22 00:00:00+00:00,20.910404205322266,20.96500015258789,21.799999237060547,19.200000762939453,20.0,10693780
2011-11-23 00:00:00+00:00,20.880481719970703,20.934999465942383,21.5,20.209999084472656,21.0,3282180
2011-11-24 00:00:00+00:00,20.61118507385254,20.665000915527344,20.989999771118164,20.110000610351562,20.895000457763672,997770
2011-11-25 00:00:00+00:00,20.097524642944336,20.149999618530273,20.899999618530273,19.799999237060547,20.5,575670
2011-11-28 00:00:00+00:00,20.356847763061523,20.40999984741211,21.344999313354492,19.209999084472656,20.315000534057617,6176240
2011-11-29 00:00:00+00:00,19.723501205444336,19.774999618530273,20.899999618530273,19.399999618530273,20.450000762939453,1752170
2011-11-30 00:00:00+00:00,21.050037384033203,21.104999542236328,21.739999771118164,19.350000381469727,19.5,4027710
2011-12-01 00:00:00+00:00,20.96027183532715,21.014999389648438,22.670000076293945,20.7450008392334,21.5,5638810
2011-12-02 00:00:00+00:00,22.91516876220703,22.975000381469727,23.489999771118164,20.40999984741211,21.010000228881836,11559310
2011-12-05 00:00:00+00:00,22.296783447265625,22.354999542236328,23.864999771118164,22.0,22.55500030517578,6662190
2011-12-07 00:00:00+00:00,21.354244232177734,21.40999984741211,22.8700008392334,21.149999618530273,22.440000534057617,2512110
2011-12-08 00:00:00+00:00,20.172330856323242,20.225000381469727,21.5,20.1200008392334,21.290000915527344,1684680
2011-12-09 00:00:00+00:00,19.409320831298828,19.459999084472656,19.889999389648438,19.209999084472656,19.795000076293945,1083660
2011-12-12 00:00:00+00:00,18.71613121032715,18.764999389648438,20.440000534057617,18.549999237060547,19.584999084472656,1588920
2011-12-13 00:00:00+00:00,18.74106788635254,18.790000915527344,20.3799991607666,18.34000015258789,18.575000762939453,5491850
2011-12-14 00:00:00+00:00,18.386991500854492,18.434999465942383,19.450000762939453,18.100000381469727,18.795000076293945,1395630
2011-12-15 00:00:00+00:00,20.581262588500977,20.635000228881836,21.639999389648438,17.799999237060547,18.2450008392334,6902700
2011-12-16 00:00:00+00:00,20.316953659057617,20.3700008392334,22.700000762939453,20.010000228881836,22.700000762939453,3635790
2011-12-19 00:00:00+00:00,21.339282989501953,21.395000457763672,22.0,19.8799991607666,20.174999237060547,2733010
2011-12-20 00:00:00+00:00,22.90020751953125,22.959999084472656,23.385000228881836,20.959999084472656,21.389999389648438,5496080
2011-12-21 00:00:00+00:00,22.645872116088867,22.704999923706055,23.69499969482422,22.299999237060547,23.299999237060547,1672610
2011-12-22 00:00:00+00:00,22.610963821411133,22.670000076293945,23.25,22.200000762939453,22.68000030517578,804160
2011-12-23 00:00:00+00:00,24.36638069152832,24.43000030517578,24.885000228881836,21.5,22.225000381469727,4350740
2011-12-26 00:00:00+00:00,23.942485809326172,24.0049991607666,24.725000381469727,21.34000015258789,24.110000610351562,1187030
2011-12-27 00:00:00+00:00,23.877656936645508,23.940000534057617,24.475000381469727,23.655000686645508,23.850000381469727,521800
2011-12-28 00:00:00+00:00,25.0595703125,25.125,25.5,22.5,23.950000762939453,4526560
2011-12-29 00:00:00+00:00,25.149335861206055,25.21500015258789,26.100000381469727,23.90999984741211,24.799999237060547,2225160
2011-12-30 00:00:00+00:00,23.987367630004883,24.049999237060547,25.389999389648438,24.0,24.5049991607666,1255830
2012-01-02 00:00:00+00:00,24.35141944885254,24.415000915527344,24.75,24.100000381469727,24.350000381469727,788960
2012-01-03 00:00:00+00:00,23.4936580657959,23.55500030517578,25.06999969482422,23.424999237060547,24.325000762939453,1537270
2012-01-04 00:00:00+00:00,23.61833381652832,23.68000030517578,24.399999618530273,23.399999618530273,23.600000381469727,503190
2012-01-05 00:00:00+00:00,22.516210556030273,22.575000762939453,24.899999618530273,22.204999923706055,23.5049991607666,2159970
2012-01-06 00:00:00+00:00,22.35662841796875,22.415000915527344,23.104999542236328,22.100000381469727,22.649999618530273,365820
2012-01-09 00:00:00+00:00,23.39890480041504,23.459999084472656,24.639999389648438,23.049999237060547,23.5,1400210
2012-01-10 00:00:00+00:00,23.29916763305664,23.360000610351562,24.079999923706055,23.094999313354492,23.78499984741211,1156680
2012-01-11 00:00:00+00:00,23.498645782470703,23.559999465942383,25.440000534057617,22.8700008392334,23.579999923706055,2346950
2012-01-12 00:00:00+00:00,22.072368621826172,22.1299991607666,24.0,21.954999923706055,23.385000228881836,851760
2012-01-13 00:00:00+00:00,20.955286026000977,21.010000228881836,22.84000015258789,20.889999389648438,22.0,2146470
2012-01-16 00:00:00+00:00,20.08755111694336,20.139999389648438,22.030000686645508,19.799999237060547,21.25,679870
2012-01-17 00:00:00+00:00,19.3794002532959,19.43000030517578,21.299999237060547,18.959999084472656,20.200000762939453,2270330
2012-01-18 00:00:00+00:00,18.057849884033203,18.104999542236328,19.8799991607666,17.854999542236328,19.450000762939453,1527850
2012-01-19 00:00:00+00:00,17.32975196838379,17.375,18.889999389648438,17.2450008392334,18.479999542236328,1686310
2012-01-20 00:00:00+00:00,16.93079376220703,16.975000381469727,18.200000762939453,16.700000762939453,17.395000457763672,1009620
2012-01-23 00:00:00+00:00,16.107942581176758,16.149999618530273,17.155000686645508,16.100000381469727,16.9950008392334,495080
2012-01-24 00:00:00+00:00,15.379843711853027,15.420000076293945,17.44499969482422,14.949999809265137,16.200000762939453,3069870
2012-01-25 00:00:00+00:00,14.581926345825195,14.619999885559082,16.09000015258789,13.899999618530273,15.420000076293945,3816270
2012-01-27 00:00:00+00:00,13.913671493530273,13.949999809265137,14.734999656677246,13.520000457763672,14.699999809265137,1612210
2012-01-30 00:00:00+00:00,13.095807075500488,13.130000114440918,14.09000015258789,12.739999771118164,14.09000015258789,499410
2012-01-31 00:00:00+00:00,13.190560340881348,13.225000381469727,13.59000015258789,12.609999656677246,13.100000381469727,1737790
2012-02-01 00:00:00+00:00,12.99606704711914,13.029999732971191,13.300000190734863,12.850000381469727,13.1899995803833,263900
2012-02-02 00:00:00+00:00,12.656952857971191,12.6899995803833,13.244999885559082,12.510000228881836,13.180000305175781,266550
2012-02-03 00:00:00+00:00,12.422564506530762,12.454999923706055,12.8100004196167,12.3100004196167,12.800000190734863,434640
2012-02-06 00:00:00+00:00,12.208124160766602,12.239999771118164,12.779999732971191,12.109999656677246,12.5,421680
2012-02-07 00:00:00+00:00,12.098411560058594,12.130000114440918,12.449999809265137,12.029999732971191,12.390000343322754,194550
2012-02-08 00:00:00+00:00,12.82152271270752,12.854999542236328,13.34000015258789,12.229999542236328,12.234999656677246,870910
2012-02-09 00:00:00+00:00,13.165624618530273,13.199999809265137,13.699999809265137,12.78499984741211,12.78499984741211,1416410
2012-02-10 00:00:00+00:00,12.467447280883789,12.5,13.460000038146973,12.055000305175781,13.0,1423820
2012-02-13 00:00:00+00:00,11.629634857177734,11.65999984741211,13.75,11.510000228881836,12.300000190734863,784790
2012-02-14 00:00:00+00:00,11.470051765441895,11.5,11.960000038146973,11.210000038146973,11.925000190734863,456960
2012-02-15 00:00:00+00:00,11.200754165649414,11.229999542236328,12.095000267028809,10.8149995803833,11.510000228881836,820120
2012-02-16 00:00:00+00:00,10.61229133605957,10.640000343322754,11.595000267028809,10.420000076293945,10.984999656677246,850080
2012-02-17 00:00:00+00:00,9.924088478088379,9.949999809265137,10.699999809265137,9.600000381469727,10.699999809265137,630950
2012-02-21 00:00:00+00:00,9.854270935058594,9.880000114440918,10.100000381469727,9.454999923706055,9.90999984741211,530020
2012-02-22 00:00:00+00:00,9.53011703491211,9.555000305175781,10.369999885559082,9.5,9.880000114440918,894550
2012-02-23 00:00:00+00:00,9.210949897766113,9.234999656677246,9.510000228881836,9.180000305175781,9.510000228881836,198280
2012-02-24 00:00:00+00:00,8.891783714294434,8.914999961853027,9.350000381469727,8.824999809265137,9.3100004196167,523660
2012-02-27 00:00:00+00:00,8.49781322479248,8.520000457763672,8.829999923706055,8.5,8.5,463250
2012-02-28 00:00:00+00:00,8.92170524597168,8.944999694824219,8.944999694824219,8.225000381469727,8.414999961853027,1063210
2012-02-29 00:00:00+00:00,8.632460594177246,8.654999732971191,9.199999809265137,8.529999732971191,9.180000305175781,1894150
2012-03-01 00:00:00+00:00,8.418020248413086,8.4399995803833,8.6899995803833,8.350000381469727,8.6899995803833,113930
2012-03-02 00:00:00+00:00,8.477864265441895,8.5,8.654999732971191,8.154999732971191,8.25,869040
2012-03-05 00:00:00+00:00,8.627473831176758,8.649999618530273,9.085000038146973,8.505000114440918,8.984999656677246,269190
2012-03-06 00:00:00+00:00,9.265807151794434,9.289999961853027,9.515000343322754,8.550000190734863,8.579999923706055,1512920
2012-03-07 00:00:00+00:00,9.664765357971191,9.6899995803833,10.149999618530273,9.100000381469727,9.579999923706055,1320400
2012-03-09 00:00:00+00:00,9.53011703491211,9.555000305175781,9.899999618530273,9.399999618530273,9.5,239960
2012-03-12 00:00:00+00:00,9.594947814941406,9.619999885559082,9.875,9.220000267028809,9.614999771118164,768910
2012-03-13 00:00:00+00:00,10.552447319030762,10.579999923706055,10.579999923706055,9.449999809265137,9.744999885559082,1589330
2012-03-14 00:00:00+00:00,10.497591018676758,10.524999618530273,10.875,9.895000457763672,9.895000457763672,498650
2012-03-15 00:00:00+00:00,10.158476829528809,10.1850004196167,10.680000305175781,10.130000114440918,10.680000305175781,60510
2012-03-16 00:00:00+00:00,10.178423881530762,10.204999923706055,10.399999618530273,10.050000190734863,10.21500015258789,298140
2012-03-19 00:00:00+00:00,10.15349006652832,10.180000305175781,10.399999618530273,10.050000190734863,10.255000114440918,167890
2012-03-20 00:00:00+00:00,10.11858081817627,10.145000457763672,10.380000114440918,10.100000381469727,10.199999809265137,289390
2012-03-21 00:00:00+00:00,11.12594985961914,11.154999732971191,11.154999732971191,10.100000381469727,10.4399995803833,719730
2012-03-22 00:00:00+00:00,11.155872344970703,11.1850004196167,11.975000381469727,10.520000457763672,11.175000190734863,1298310
2012-03-23 00:00:00+00:00,11.534882545471191,11.5649995803833,12.0,10.824999809265137,11.1850004196167,1614400
2012-03-26 00:00:00+00:00,11.046158790588379,11.074999809265137,11.670000076293945,10.555000305175781,11.149999618530273,577340
2012-03-27 00:00:00+00:00,10.771875381469727,10.800000190734863,11.5,10.600000381469727,11.100000381469727,1836270
2012-03-28 00:00:00+00:00,9.839309692382812,9.864999771118164,11.055000305175781,9.725000381469727,10.800000190734863,938570
2012-03-29 00:00:00+00:00,9.280768394470215,9.305000305175781,9.770000457763672,9.015000343322754,9.625,136960
2012-03-30 00:00:00+00:00,9.854270935058594,9.880000114440918,10.1850004196167,9.404999732971191,9.739999771118164,153820
2012-04-02 00:00:00+00:00,10.407825469970703,10.4350004196167,10.75,9.880000114440918,9.899999618530273,146880
2012-04-03 00:00:00+00:00,10.991302490234375,11.020000457763672,11.395000457763672,10.609999656677246,10.609999656677246,237290
2012-04-04 00:00:00+00:00,10.741952896118164,10.770000457763672,11.199999809265137,10.704999923706055,11.199999809265137,60080
2012-04-09 00:00:00+00:00,10.497591018676758,10.524999618530273,11.0,10.399999618530273,10.800000190734863,18750
2012-04-10 00:00:00+00:00,10.407825469970703,10.4350004196167,10.65999984741211,10.345000267028809,10.350000381469727,30030
2012-04-11 00:00:00+00:00,10.11858081817627,10.145000457763672,10.4399995803833,10.0649995803833,10.300000190734863,32890
2012-04-12 00:00:00+00:00,10.06372356414795,10.09000015258789,10.5,9.899999618530273,10.300000190734863,90720
2012-04-13 00:00:00+00:00,10.04377555847168,10.069999694824219,10.399999618530273,9.875,10.140000343322754,154860
2012-04-16 00:00:00+00:00,10.078683853149414,10.104999542236328,10.199999809265137,10.055000305175781,10.149999618530273,10180
2012-04-17 00:00:00+00:00,10.25821590423584,10.28499984741211,10.390000343322754,9.8100004196167,9.8100004196167,34000
2012-04-18 00:00:00+00:00,10.52751350402832,10.555000305175781,10.699999809265137,10.010000228881836,10.010000228881836,68140
2012-04-19 00:00:00+00:00,11.579765319824219,11.609999656677246,11.609999656677246,10.305000305175781,10.305000305175781,3867910
2012-04-20 00:00:00+00:00,11.28553295135498,11.3149995803833,12.635000228881836,11.109999656677246,11.600000381469727,2643000
2012-04-23 00:00:00+00:00,11.175820350646973,11.204999923706055,11.899999618530273,11.100000381469727,11.114999771118164,296110
2012-04-24 00:00:00+00:00,11.470051765441895,11.5,11.800000190734863,10.8100004196167,10.8100004196167,198420
2012-04-25 00:00:00+00:00,12.617056846618652,12.649999618530273,12.649999618530273,11.239999771118164,11.600000381469727,3154320
2012-04-26 00:00:00+00:00,12.40760326385498,12.4399995803833,13.199999809265137,12.210000038146973,12.835000038146973,1222870
2012-04-27 00:00:00+00:00,12.582147598266602,12.614999771118164,13.279999732971191,12.305000305175781,12.395000457763672,958910
2012-04-30 00:00:00+00:00,12.36272144317627,12.395000457763672,12.819999694824219,12.3149995803833,12.8100004196167,69400
2012-05-02 00:00:00+00:00,12.267969131469727,12.300000190734863,12.800000190734863,12.149999618530273,12.399999618530273,39700
2012-05-03 00:00:00+00:00,11.61467456817627,11.645000457763672,12.25,11.300000190734863,11.395000457763672,56440
2012-05-04 00:00:00+00:00,11.450103759765625,11.479999542236328,11.890000343322754,10.800000190734863,10.800000190734863,283420
2012-05-07 00:00:00+00:00,11.170832633972168,11.199999809265137,11.295000076293945,10.8149995803833,10.8149995803833,48800
2012-05-08 00:00:00+00:00,11.445116996765137,11.475000381469727,12.300000190734863,11.199999809265137,11.699999809265137,143750
2012-05-09 00:00:00+00:00,11.195768356323242,11.225000381469727,11.960000038146973,11.125,11.475000381469727,77550
2012-05-10 00:00:00+00:00,11.629634857177734,11.65999984741211,13.0,11.305000305175781,11.444999694824219,905880
2012-05-11 00:00:00+00:00,11.38028621673584,11.40999984741211,11.699999809265137,11.199999809265137,11.699999809265137,79800
2012-05-14 00:00:00+00:00,11.504961013793945,11.53499984741211,11.899999618530273,11.210000038146973,11.210000038146973,215430
2012-05-15 00:00:00+00:00,12.297890663146973,12.329999923706055,12.899999618530273,11.399999618530273,11.404999732971191,738130
2012-05-16 00:00:00+00:00,11.794205665588379,11.824999809265137,12.260000228881836,11.635000228881836,12.260000228881836,29740
2012-05-17 00:00:00+00:00,11.544856071472168,11.574999809265137,12.630000114440918,11.5,12.0,212700
2012-05-18 00:00:00+00:00,11.330415725708008,11.359999656677246,11.770000457763672,11.029999732971191,11.25,54100
2012-05-21 00:00:00+00:00,11.155872344970703,11.1850004196167,11.800000190734863,11.109999656677246,11.635000228881836,184780
2012-05-22 00:00:00+00:00,11.145898818969727,11.175000190734863,11.600000381469727,11.0,11.600000381469727,139300
2012-05-23 00:00:00+00:00,11.135924339294434,11.164999961853027,11.484999656677246,11.0,11.399999618530273,86810
2012-05-24 00:00:00+00:00,11.051145553588867,11.079999923706055,11.199999809265137,10.800000190734863,11.0,27590
2012-05-25 00:00:00+00:00,10.956392288208008,10.984999656677246,11.295000076293945,10.5,10.5,23300
2012-05-28 00:00:00+00:00,11.69945240020752,11.729999542236328,12.600000381469727,10.904999732971191,11.050000190734863,343340
2012-05-29 00:00:00+00:00,11.529895782470703,11.5600004196167,12.100000381469727,11.359999656677246,11.699999809265137,78270
2012-05-30 00:00:00+00:00,11.280547142028809,11.3100004196167,11.699999809265137,11.104999542236328,11.694999694824219,18430
2012-05-31 00:00:00+00:00,11.091041564941406,11.119999885559082,11.324999809265137,10.899999618530273,11.199999809265137,16130
2012-06-01 00:00:00+00:00,10.756914138793945,10.78499984741211,11.199999809265137,10.729999542236328,11.199999809265137,472340
2012-06-04 00:00:00+00:00,10.826730728149414,10.854999542236328,11.100000381469727,10.354999542236328,11.0,57430
2012-06-05 00:00:00+00:00,10.90153694152832,10.930000305175781,11.199999809265137,10.899999618530273,11.050000190734863,24030
2012-06-06 00:00:00+00:00,11.036184310913086,11.0649995803833,11.300000190734863,10.949999809265137,11.194999694824219,16080
2012-06-07 00:00:00+00:00,10.881587982177734,10.90999984741211,11.295000076293945,10.800000190734863,11.289999961853027,21200
2012-06-08 00:00:00+00:00,10.657175064086914,10.6850004196167,11.109999656677246,10.515000343322754,10.600000381469727,6730
2012-06-11 00:00:00+00:00,10.382890701293945,10.40999984741211,11.079999923706055,10.25,10.899999618530273,58200
2012-06-12 00:00:00+00:00,10.318059921264648,10.345000267028809,10.5,10.005000114440918,10.350000381469727,99570
2012-06-13 00:00:00+00:00,9.978944778442383,10.005000114440918,10.399999618530273,9.949999809265137,10.399999618530273,58580
2012-06-14 00:00:00+00:00,9.88419246673584,9.90999984741211,10.300000190734863,9.800000190734863,10.005000114440918,25380
2012-06-15 00:00:00+00:00,9.859257698059082,9.885000228881836,10.180000305175781,9.800000190734863,9.975000381469727,8520
2012-06-18 00:00:00+00:00,9.899153709411621,9.925000190734863,10.199999809265137,9.864999771118164,10.010000228881836,10650
2012-06-19 00:00:00+00:00,9.490221977233887,9.515000343322754,9.989999771118164,9.385000228881836,9.989999771118164,49480
2012-06-20 00:00:00+00:00,9.4702730178833,9.494999885559082,9.994999885559082,9.199999809265137,9.324999809265137,19450
2012-06-21 00:00:00+00:00,9.709648132324219,9.734999656677246,9.885000228881836,9.399999618530273,9.399999618530273,17980
2012-06-22 00:00:00+00:00,9.375520706176758,9.399999618530273,9.75,8.994999885559082,9.5,47560
2012-06-25 00:00:00+00:00,9.430377006530762,9.454999923706055,10.5,9.399999618530273,9.5,72050
2012-06-26 00:00:00+00:00,9.465286254882812,9.489999771118164,9.800000190734863,9.414999961853027,9.6899995803833,20550
2012-06-27 00:00:00+00:00,9.460298538208008,9.484999656677246,9.645000457763672,9.399999618530273,9.5600004196167,56710
2012-06-28 00:00:00+00:00,9.445338249206543,9.470000267028809,9.6899995803833,9.40999984741211,9.5,11770
2012-06-29 00:00:00+00:00,9.824349403381348,9.850000381469727,9.920000076293945,9.3149995803833,9.3149995803833,46690
2012-07-02 00:00:00+00:00,9.924088478088379,9.949999809265137,10.100000381469727,9.890000343322754,10.100000381469727,20520
2012-07-03 00:00:00+00:00,9.998892784118652,10.024999618530273,10.180000305175781,9.949999809265137,9.994999885559082,26020
2012-07-04 00:00:00+00:00,9.909128189086914,9.9350004196167,10.244999885559082,9.8100004196167,10.100000381469727,32960
2012-07-05 00:00:00+00:00,9.958996772766113,9.984999656677246,10.244999885559082,9.859999656677246,10.095000267028809,23640
2012-07-06 00:00:00+00:00,9.77946662902832,9.805000305175781,10.079999923706055,9.739999771118164,9.994999885559082,8760
2012-07-09 00:00:00+00:00,9.520143508911133,9.545000076293945,9.805000305175781,9.4399995803833,9.805000305175781,129780
2012-07-10 00:00:00+00:00,9.649805068969727,9.675000190734863,9.800000190734863,9.600000381469727,9.600000381469727,5120
2012-07-11 00:00:00+00:00,9.874217987060547,9.899999618530273,10.199999809265137,9.710000038146973,9.895000457763672,1141700
2012-07-12 00:00:00+00:00,10.128554344177246,10.154999732971191,10.699999809265137,9.899999618530273,10.09000015258789,210510
2012-07-13 00:00:00+00:00,10.073698043823242,10.100000381469727,10.4399995803833,9.90999984741211,10.239999771118164,210510
2012-07-16 00:00:00+00:00,10.058736801147461,10.085000038146973,10.300000190734863,9.899999618530273,10.104999542236328,2676590
2012-07-17 00:00:00+00:00,9.968971252441406,9.994999885559082,10.199999809265137,9.8149995803833,10.149999618530273,770230
2012-07-18 00:00:00+00:00,9.849283218383789,9.875,10.199999809265137,9.800000190734863,10.199999809265137,1254180
2012-07-19 00:00:00+00:00,9.66975212097168,9.694999694824219,10.390000343322754,9.604999542236328,10.390000343322754,136410
2012-07-20 00:00:00+00:00,9.395468711853027,9.420000076293945,9.649999618530273,9.399999618530273,9.529999732971191,20590
2012-07-23 00:00:00+00:00,9.280768394470215,9.305000305175781,9.795000076293945,9.210000038146973,9.404999732971191,27820
2012-07-24 00:00:00+00:00,9.300715446472168,9.324999809265137,9.994999885559082,9.300000190734863,9.994999885559082,5860
2012-07-25 00:00:00+00:00,9.485234260559082,9.510000228881836,9.944999694824219,9.020000457763672,9.199999809265137,21540
2012-07-26 00:00:00+00:00,8.9765625,9.0,9.399999618530273,8.954999923706055,9.399999618530273,24220
2012-07-27 00:00:00+00:00,8.732200622558594,8.755000114440918,9.194999694824219,8.645000457763672,8.914999961853027,15460
2012-07-30 00:00:00+00:00,8.462903022766113,8.484999656677246,9.824999809265137,8.305000305175781,8.664999961853027,26140
2012-07-31 00:00:00+00:00,8.512773513793945,8.53499984741211,8.8149995803833,8.40999984741211,8.8149995803833,10270
2012-08-01 00:00:00+00:00,9.29572868347168,9.319999694824219,9.895000457763672,8.055000305175781,8.5,6918480
2012-08-02 00:00:00+00:00,9.804400444030762,9.829999923706055,10.5,9.039999961853027,9.319999694824219,3083890
2012-08-03 00:00:00+00:00,9.674738883972168,9.699999809265137,9.949999809265137,9.489999771118164,9.75,404930
2012-08-06 00:00:00+00:00,9.679726600646973,9.704999923706055,9.800000190734863,9.699999809265137,9.699999809265137,52850
2012-08-07 00:00:00+00:00,10.53748607635498,10.5649995803833,10.989999771118164,9.604999542236328,9.71500015258789,1408930
2012-08-08 00:00:00+00:00,10.627252578735352,10.654999732971191,11.949999809265137,10.300000190734863,10.75,4528970
2012-08-09 00:00:00+00:00,10.552447319030762,10.579999923706055,11.039999961853027,10.4399995803833,10.770000457763672,247620
2012-08-10 00:00:00+00:00,10.482629776000977,10.510000228881836,10.600000381469727,10.3100004196167,10.460000038146973,102830
2012-08-13 00:00:00+00:00,10.826730728149414,10.854999542236328,11.199999809265137,10.319999694824219,10.505000114440918,570660
2012-08-14 00:00:00+00:00,10.61229133605957,10.640000343322754,10.899999618530273,10.5,10.699999809265137,26700
2012-08-16 00:00:00+00:00,10.981328010559082,11.010000228881836,11.449999809265137,10.774999618530273,10.800000190734863,883380
2012-08-17 00:00:00+00:00,10.607304573059082,10.635000228881836,11.100000381469727,10.520000457763672,10.899999618530273,64800
2012-08-21 00:00:00+00:00,10.497591018676758,10.524999618530273,10.899999618530273,10.510000228881836,10.704999923706055,17810
2012-08-22 00:00:00+00:00,10.25821590423584,10.28499984741211,10.699999809265137,10.199999809265137,10.520000457763672,26560
2012-08-23 00:00:00+00:00,10.557435035705566,10.585000038146973,10.670000076293945,10.0,10.300000190734863,113690
2012-08-24 00:00:00+00:00,10.372916221618652,10.399999618530273,10.984999656677246,10.3149995803833,10.505000114440918,701920
2012-08-27 00:00:00+00:00,10.27816390991211,10.305000305175781,10.600000381469727,10.199999809265137,10.5,13750
2012-08-28 00:00:00+00:00,10.013854026794434,10.039999961853027,10.3100004196167,10.015000343322754,10.3100004196167,21250
2012-08-29 00:00:00+00:00,9.944036483764648,9.970000267028809,10.170000076293945,9.899999618530273,10.010000228881836,38880
2012-08-30 00:00:00+00:00,9.968971252441406,9.994999885559082,10.100000381469727,9.90999984741211,9.90999984741211,63560
2012-08-31 00:00:00+00:00,9.929075241088867,9.954999923706055,10.0,9.899999618530273,9.899999618530273,8330
2012-09-03 00:00:00+00:00,9.90414047241211,9.930000305175781,10.069999694824219,9.899999618530273,9.904999732971191,10210
2012-09-04 00:00:00+00:00,9.894166946411133,9.920000076293945,10.050000190734863,9.920000076293945,9.994999885559082,4910
2012-09-05 00:00:00+00:00,9.968971252441406,9.994999885559082,10.5,9.90999984741211,9.994999885559082,57940
2012-09-06 00:00:00+00:00,9.909128189086914,9.9350004196167,10.295000076293945,9.899999618530273,9.899999618530273,20280
2012-09-07 00:00:00+00:00,11.140911102294922,11.170000076293945,11.59000015258789,10.0,10.0,1588710
2012-09-10 00:00:00+00:00,11.260599136352539,11.289999961853027,13.654999732971191,11.199999809265137,11.470000267028809,1033240
2012-09-11 00:00:00+00:00,11.06112003326416,11.09000015258789,11.395000457763672,10.824999809265137,11.300000190734863,32510
2012-09-12 00:00:00+00:00,11.3403902053833,11.369999885559082,11.585000038146973,11.050000190734863,11.050000190734863,84670
2012-09-13 00:00:00+00:00,11.120963096618652,11.149999618530273,11.5,11.024999618530273,11.279999732971191,13600
2012-09-14 00:00:00+00:00,11.270572662353516,11.300000190734863,11.5649995803833,11.149999618530273,11.390000343322754,89760
2012-09-17 00:00:00+00:00,11.245636940002441,11.274999618530273,11.399999618530273,11.050000190734863,11.305000305175781,561580
2012-09-18 00:00:00+00:00,10.98631477355957,11.015000343322754,11.444999694824219,10.829999923706055,10.829999923706055,14050
2012-09-20 00:00:00+00:00,10.642213821411133,10.670000076293945,10.899999618530273,10.604999542236328,10.899999618530273,14490
2012-09-21 00:00:00+00:00,11.819140434265137,11.850000381469727,11.930000305175781,10.600000381469727,11.649999618530273,1084200
2012-09-24 00:00:00+00:00,11.87399673461914,11.904999732971191,12.199999809265137,11.5,12.0,126150
2012-09-25 00:00:00+00:00,11.893945693969727,11.925000190734863,12.270000457763672,11.725000381469727,11.885000228881836,256030
2012-09-26 00:00:00+00:00,12.866405487060547,12.899999618530273,13.300000190734863,11.765000343322754,11.800000190734863,1294490
2012-09-27 00:00:00+00:00,14.138086318969727,14.175000190734863,14.300000190734863,12.800000190734863,12.850000381469727,3420270
2012-09-28 00:00:00+00:00,14.168007850646973,14.204999923706055,15.260000228881836,13.600000381469727,14.199999809265137,598240
2012-10-01 00:00:00+00:00,13.868788719177246,13.904999732971191,14.585000038146973,13.800000190734863,14.020000457763672,439320
2012-10-03 00:00:00+00:00,15.674074172973633,15.714999198913574,15.890000343322754,13.295000076293945,13.800000190734863,915820
2012-10-04 00:00:00+00:00,15.28010368347168,15.319999694824219,16.28499984741211,15.109999656677246,15.899999618530273,696900
2012-10-05 00:00:00+00:00,15.379843711853027,15.420000076293945,16.0,15.204999923706055,15.6899995803833,587140
2012-10-08 00:00:00+00:00,15.459634780883789,15.5,15.899999618530273,15.15999984741211,15.5,25360
2012-10-09 00:00:00+00:00,14.571953773498535,14.610000610351562,15.399999618530273,14.5,14.699999809265137,413190
2012-10-10 00:00:00+00:00,14.187955856323242,14.225000381469727,14.949999809265137,13.800000190734863,14.300000190734863,1262750
2012-10-11 00:00:00+00:00,14.64177131652832,14.680000305175781,15.199999809265137,13.850000381469727,14.619999885559082,1300600
2012-10-12 00:00:00+00:00,14.138086318969727,14.175000190734863,15.300000190734863,14.0,14.0,599920
2012-10-15 00:00:00+00:00,13.78400993347168,13.819999694824219,14.100000381469727,13.800000190734863,13.805000305175781,12990
2012-10-16 00:00:00+00:00,13.564583778381348,13.600000381469727,13.899999618530273,13.199999809265137,13.199999809265137,5010
2012-10-17 00:00:00+00:00,13.46484375,13.5,13.824999809265137,13.055000305175781,13.055000305175781,2680
2012-10-18 00:00:00+00:00,13.115754127502441,13.149999618530273,13.800000190734863,13.100000381469727,13.800000190734863,18820
2012-10-19 00:00:00+00:00,13.340168952941895,13.375,13.5,12.600000381469727,12.600000381469727,8330
2012-10-22 00:00:00+00:00,13.065885543823242,13.100000381469727,13.78499984741211,13.100000381469727,13.78499984741211,2590
2012-10-23 00:00:00+00:00,12.671914100646973,12.704999923706055,13.5,12.555000305175781,13.5,17720
2012-10-25 00:00:00+00:00,12.666926383972168,12.699999809265137,13.300000190734863,12.449999809265137,13.300000190734863,4340
2012-10-29 00:00:00+00:00,13.604477882385254,13.639999389648438,13.649999618530273,12.800000190734863,13.199999809265137,26330
2012-10-30 00:00:00+00:00,13.130715370178223,13.164999008178711,14.300000190734863,13.100000381469727,14.289999961853027,12270
2012-10-31 00:00:00+00:00,13.419960975646973,13.454999923706055,13.600000381469727,12.819999694824219,13.0,3670
2012-11-01 00:00:00+00:00,13.968528747558594,14.005000114440918,14.125,13.494999885559082,13.494999885559082,53100
2012-11-02 00:00:00+00:00,14.666705131530762,14.704999923706055,14.704999923706055,14.125,14.125,14640
2012-11-05 00:00:00+00:00,15.025766372680664,15.064998626708984,15.4399995803833,14.619999885559082,14.619999885559082,95720
2012-11-06 00:00:00+00:00,14.9609375,15.0,15.699999809265137,14.800000190734863,15.100000381469727,7640
2012-11-07 00:00:00+00:00,14.527069091796875,14.564998626708984,15.199999809265137,14.25,15.100000381469727,4110
2012-11-08 00:00:00+00:00,14.955949783325195,14.994999885559082,15.0,14.024999618530273,14.024999618530273,353940
2012-11-09 00:00:00+00:00,14.926027297973633,14.964999198913574,15.6899995803833,14.96500015258789,15.0,401920
2012-11-12 00:00:00+00:00,14.636783599853516,14.675000190734863,14.90999984741211,14.625,14.90999984741211,41470
2012-11-15 00:00:00+00:00,14.51210880279541,14.550000190734863,15.239999771118164,14.550000190734863,14.795000076293945,10220
2012-11-16 00:00:00+00:00,14.9609375,15.0,15.0,15.0,15.0,2270
2012-11-19 00:00:00+00:00,14.861197471618652,14.899999618530273,15.199999809265137,14.899999618530273,15.0,13690
2012-11-20 00:00:00+00:00,14.955949783325195,14.994999885559082,15.449999809265137,14.600000381469727,15.449999809265137,14250
2012-11-21 00:00:00+00:00,15.699009895324707,15.739999771118164,15.739999771118164,14.300000190734863,14.300000190734863,17730
2012-11-22 00:00:00+00:00,15.105560302734375,15.145000457763672,15.739999771118164,15.104999542236328,15.739999771118164,2470
2012-11-23 00:00:00+00:00,15.130494117736816,15.170000076293945,15.220000267028809,15.145000457763672,15.145000457763672,2690
2012-11-26 00:00:00+00:00,15.010807037353516,15.050000190734863,15.074999809265137,15.050000190734863,15.069999694824219,1300
2012-11-27 00:00:00+00:00,15.060677528381348,15.100000381469727,15.15999984741211,15.010000228881836,15.010000228881836,11050
2012-11-29 00:00:00+00:00,14.761458396911621,14.800000190734863,15.0,14.800000190734863,15.0,3760
2012-11-30 00:00:00+00:00,15.015793800354004,15.055000305175781,15.055000305175781,15.010000228881836,15.010000228881836,750
2012-12-03 00:00:00+00:00,15.06566333770752,15.104999542236328,15.600000381469727,15.010000228881836,15.010000228881836,1070
2012-12-04 00:00:00+00:00,15.070650100708008,15.109999656677246,15.680000305175781,15.0600004196167,15.100000381469727,5000
2012-12-05 00:00:00+00:00,15.399789810180664,15.439998626708984,15.864999771118164,15.100000381469727,15.739999771118164,353360
2012-12-06 00:00:00+00:00,15.220260620117188,15.260000228881836,15.494999885559082,15.199999809265137,15.4399995803833,31680
2012-12-07 00:00:00+00:00,15.978281021118164,16.020000457763672,16.020000457763672,15.149999618530273,15.399999618530273,113360
2012-12-10 00:00:00+00:00,15.968307495117188,16.010000228881836,16.5,15.604999542236328,16.5,203110
2012-12-11 00:00:00+00:00,15.89848804473877,15.939998626708984,16.459999084472656,15.774999618530273,16.459999084472656,54590
2012-12-12 00:00:00+00:00,15.958333015441895,16.0,16.639999389648438,15.765000343322754,16.639999389648438,69200
2012-12-13 00:00:00+00:00,16.606639862060547,16.649999618530273,16.799999237060547,16.350000381469727,16.649999618530273,34114
2012-12-14 00:00:00+00:00,16.806119918823242,16.850000381469727,17.399999618530273,16.649999618530273,17.399999618530273,13119
2012-12-17 00:00:00+00:00,16.058073043823242,16.100000381469727,17.350000381469727,16.049999237060547,16.799999237060547,51822
2012-12-18 00:00:00+00:00,16.855989456176758,16.899999618530273,16.899999618530273,15.800000190734863,16.5,680800
2012-12-19 00:00:00+00:00,17.653905868530273,17.700000762939453,17.700000762939453,16.700000762939453,17.700000762939453,189724
2012-12-20 00:00:00+00:00,17.105337142944336,17.149999618530273,18.399999618530273,16.899999618530273,18.399999618530273,179314
2012-12-21 00:00:00+00:00,17.205078125,17.25,17.700000762939453,16.850000381469727,17.399999618530273,623316
2012-12-24 00:00:00+00:00,17.155208587646484,17.200000762939453,17.5,16.5,17.0,62644
2012-12-26 00:00:00+00:00,17.254947662353516,17.299999237060547,17.549999237060547,17.0,17.200000762939453,32405
2012-12-27 00:00:00+00:00,18.102733612060547,18.149999618530273,18.149999618530273,16.75,16.75,549648
2012-12-28 00:00:00+00:00,17.70377540588379,17.75,18.5,17.600000381469727,18.0,174427
2012-12-31 00:00:00+00:00,17.604036331176758,17.649999618530273,18.600000381469727,17.25,17.75,56070
2013-01-01 00:00:00+00:00,17.803516387939453,17.850000381469727,18.299999237060547,17.549999237060547,17.549999237060547,196844
2013-01-02 00:00:00+00:00,18.202472686767578,18.25,18.600000381469727,17.850000381469727,18.5,72233
2013-01-03 00:00:00+00:00,18.102733612060547,18.149999618530273,18.600000381469727,17.799999237060547,17.799999237060547,7804
2013-01-04 00:00:00+00:00,18.202472686767578,18.25,18.399999618530273,18.0,18.25,13427
2013-01-07 00:00:00+00:00,18.401952743530273,18.450000762939453,18.799999237060547,18.049999237060547,18.5,73122
2013-01-08 00:00:00+00:00,18.701171875,18.75,18.799999237060547,18.100000381469727,18.799999237060547,10376
2013-01-09 00:00:00+00:00,18.551563262939453,18.600000381469727,20.0,18.549999237060547,20.0,9531
2013-01-10 00:00:00+00:00,18.152605056762695,18.200000762939453,18.899999618530273,18.049999237060547,18.25,4103
2013-01-11 00:00:00+00:00,17.903255462646484,17.950000762939453,18.950000762939453,17.5,17.5,529664
2013-01-14 00:00:00+00:00,18.252342224121094,18.299999237060547,18.799999237060547,17.950000762939453,18.799999237060547,5829
2013-01-15 00:00:00+00:00,18.152605056762695,18.200000762939453,18.25,17.75,18.0,3181
2013-01-16 00:00:00+00:00,19.94791603088379,20.0,20.0,17.700000762939453,18.299999237060547,1206851
2013-01-17 00:00:00+00:00,20.895442962646484,20.950000762939453,21.5,20.200000762939453,20.200000762939453,399667
2013-01-18 00:00:00+00:00,20.9453125,21.0,22.950000762939453,20.850000381469727,21.350000381469727,477718
2013-01-21 00:00:00+00:00,21.244529724121094,21.299999237060547,22.0,20.100000381469727,21.899999618530273,43271
2013-01-22 00:00:00+00:00,21.04505157470703,21.100000381469727,22.0,20.899999618530273,22.0,73421
2013-01-23 00:00:00+00:00,20.446613311767578,20.5,21.25,20.100000381469727,20.899999618530273,10495
2013-01-24 00:00:00+00:00,19.44921875,19.5,20.899999618530273,19.100000381469727,20.100000381469727,9768
2013-01-25 00:00:00+00:00,19.499088287353516,19.549999237060547,20.850000381469727,19.0,19.5,43668
2013-01-28 00:00:00+00:00,20.596223831176758,20.649999618530273,21.299999237060547,19.0,19.0,89762
2013-01-29 00:00:00+00:00,20.745832443237305,20.799999237060547,21.399999618530273,20.049999237060547,20.049999237060547,3085
2013-01-30 00:00:00+00:00,20.745832443237305,20.799999237060547,21.700000762939453,20.399999618530273,21.25,258796
2013-01-31 00:00:00+00:00,22.790494918823242,22.850000381469727,22.850000381469727,19.649999618530273,19.649999618530273,195518
2013-02-01 00:00:00+00:00,23.039844512939453,23.100000381469727,24.950000762939453,22.299999237060547,23.0,258498
2013-02-04 00:00:00+00:00,23.089712142944336,23.149999618530273,24.700000762939453,23.0,23.5,367367
2013-02-05 00:00:00+00:00,23.189453125,23.25,23.950000762939453,22.100000381469727,22.799999237060547,264183
2013-02-06 00:00:00+00:00,23.239320755004883,23.299999237060547,23.850000381469727,22.700000762939453,22.700000762939453,4377
2013-02-07 00:00:00+00:00,23.887630462646484,23.950000762939453,24.700000762939453,22.799999237060547,23.5,47557
2013-02-08 00:00:00+00:00,23.089712142944336,23.149999618530273,23.600000381469727,23.0,23.0,9078
2013-02-11 00:00:00+00:00,23.28919219970703,23.350000381469727,23.899999618530273,22.700000762939453,23.149999618530273,17622
2013-02-12 00:00:00+00:00,22.54114532470703,22.600000381469727,24.450000762939453,22.399999618530273,23.950000762939453,263710
2013-02-13 00:00:00+00:00,20.29700469970703,20.350000381469727,23.450000762939453,20.350000381469727,21.25,114286
2013-02-14 00:00:00+00:00,18.302213668823242,18.350000381469727,19.5,18.350000381469727,19.5,12756
2013-02-15 00:00:00+00:00,19.19986915588379,19.25,19.25,17.450000762939453,17.450000762939453,22896
2013-02-18 00:00:00+00:00,20.147396087646484,20.200000762939453,20.200000762939453,20.100000381469727,20.100000381469727,3856
2013-02-19 00:00:00+00:00,21.144792556762695,21.200000762939453,21.200000762939453,20.200000762939453,21.0,24748
2013-02-20 00:00:00+00:00,22.19205665588379,22.25,22.25,22.25,22.25,2640
2013-02-21 00:00:00+00:00,21.094921112060547,21.149999618530273,23.350000381469727,21.149999618530273,23.350000381469727,100686
2013-02-22 00:00:00+00:00,20.047657012939453,20.100000381469727,22.0,20.100000381469727,21.149999618530273,8740
2013-02-25 00:00:00+00:00,20.097524642944336,20.149999618530273,20.950000762939453,20.149999618530273,20.950000762939453,60
2013-02-26 00:00:00+00:00,19.100130081176758,19.149999618530273,19.149999618530273,19.149999618530273,19.149999618530273,625
2013-02-27 00:00:00+00:00,18.152605056762695,18.200000762939453,18.799999237060547,18.200000762939453,18.200000762939453,516823
2013-02-28 00:00:00+00:00,17.254947662353516,17.299999237060547,17.299999237060547,17.299999237060547,17.299999237060547,290
2013-03-01 00:00:00+00:00,16.407161712646484,16.450000762939453,18.149999618530273,16.450000762939453,16.5,1763
2013-03-04 00:00:00+00:00,15.609244346618652,15.649999618530273,15.649999618530273,15.649999618530273,15.649999618530273,150330
2013-03-05 00:00:00+00:00,14.861197471618652,14.899999618530273,14.899999618530273,14.899999618530273,14.899999618530273,1665
2013-03-06 00:00:00+00:00,14.163020133972168,14.199999809265137,14.199999809265137,14.199999809265137,14.199999809265137,990
2013-03-07 00:00:00+00:00,13.46484375,13.5,13.5,13.5,13.5,1636
2013-03-08 00:00:00+00:00,12.816536903381348,12.850000381469727,12.850000381469727,12.850000381469727,12.850000381469727,405
2013-03-11 00:00:00+00:00,12.218098640441895,12.25,12.25,12.25,12.25,534
2013-03-12 00:00:00+00:00,11.619660377502441,11.649999618530273,11.649999618530273,11.649999618530273,11.649999618530273,670
2013-03-13 00:00:00+00:00,11.071093559265137,11.100000381469727,11.100000381469727,11.100000381469727,11.100000381469727,1070
2013-03-14 00:00:00+00:00,10.522525787353516,10.550000190734863,10.550000190734863,10.550000190734863,10.550000190734863,456
2013-03-15 00:00:00+00:00,10.023828506469727,10.050000190734863,10.050000190734863,10.050000190734863,10.050000190734863,212
2013-03-18 00:00:00+00:00,9.525130271911621,9.550000190734863,9.550000190734863,9.550000190734863,9.550000190734863,180
2013-03-19 00:00:00+00:00,9.076302528381348,9.100000381469727,9.100000381469727,9.100000381469727,9.100000381469727,315
2013-03-20 00:00:00+00:00,8.627473831176758,8.649999618530273,8.649999618530273,8.649999618530273,8.649999618530273,2650
2013-03-21 00:00:00+00:00,8.228515625,8.25,8.25,8.25,8.25,410
2013-03-22 00:00:00+00:00,7.829556941986084,7.849999904632568,7.849999904632568,7.849999904632568,7.849999904632568,521
2013-03-25 00:00:00+00:00,7.48046875,7.5,7.5,7.5,7.5,250650
2013-03-26 00:00:00+00:00,7.131380081176758,7.150000095367432,7.150000095367432,7.150000095367432,7.150000095367432,530
2013-03-28 00:00:00+00:00,6.782291889190674,6.800000190734863,6.800000190734863,6.800000190734863,6.800000190734863,4935
2013-04-01 00:00:00+00:00,6.483072757720947,6.5,6.5,6.5,6.5,2210
2013-04-02 00:00:00+00:00,6.183853626251221,6.199999809265137,6.199999809265137,6.199999809265137,6.199999809265137,610
2013-04-03 00:00:00+00:00,5.8846354484558105,5.900000095367432,5.900000095367432,5.900000095367432,5.900000095367432,3420
2013-04-04 00:00:00+00:00,5.635286331176758,5.650000095367432,5.650000095367432,5.650000095367432,5.650000095367432,415
2013-04-05 00:00:00+00:00,5.385937690734863,5.400000095367432,5.400000095367432,5.400000095367432,5.400000095367432,270
2013-04-08 00:00:00+00:00,5.1365885734558105,5.150000095367432,5.150000095367432,5.150000095367432,5.150000095367432,575
2013-04-09 00:00:00+00:00,4.887239456176758,4.900000095367432,4.900000095367432,4.900000095367432,4.900000095367432,3353
2013-04-10 00:00:00+00:00,4.687760353088379,4.699999809265137,4.699999809265137,4.699999809265137,4.699999809265137,2655
2013-04-11 00:00:00+00:00,4.48828125,4.5,4.5,4.5,4.5,1606
2013-04-12 00:00:00+00:00,4.288802146911621,4.300000190734863,4.300000190734863,4.300000190734863,4.300000190734863,31045
2013-04-15 00:00:00+00:00,4.089322566986084,4.099999904632568,4.099999904632568,4.099999904632568,4.099999904632568,2069
2013-04-16 00:00:00+00:00,3.889843702316284,3.9000000953674316,3.9000000953674316,3.9000000953674316,3.9000000953674316,4176
2013-04-17 00:00:00+00:00,3.740234375,3.75,3.75,3.75,3.75,29061
2013-04-18 00:00:00+00:00,3.5906248092651367,3.5999999046325684,3.9000000953674316,3.5999999046325684,3.75,233166
2013-04-22 00:00:00+00:00,3.4410157203674316,3.450000047683716,3.700000047683716,3.450000047683716,3.700000047683716,5770
2013-04-23 00:00:00+00:00,3.2914061546325684,3.299999952316284,3.450000047683716,3.299999952316284,3.299999952316284,152100
2013-04-25 00:00:00+00:00,3.141796827316284,3.1500000953674316,3.1500000953674316,3.1500000953674316,3.1500000953674316,7860
2013-04-26 00:00:00+00:00,2.9921875,3.0,3.0,3.0,3.0,3770
2013-04-29 00:00:00+00:00,2.8425779342651367,2.8499999046325684,2.8499999046325684,2.8499999046325684,2.8499999046325684,10456
2013-04-30 00:00:00+00:00,2.7428383827209473,2.75,2.75,2.75,2.75,6100
2013-05-02 00:00:00+00:00,2.643099069595337,2.6500000953674316,2.75,2.6500000953674316,2.6500000953674316,177245
2013-05-03 00:00:00+00:00,2.5433592796325684,2.549999952316284,2.549999952316284,2.549999952316284,2.549999952316284,7310
2013-05-06 00:00:00+00:00,2.643099069595337,2.6500000953674316,2.6500000953674316,2.5,2.5,211032
2013-05-07 00:00:00+00:00,2.5433592796325684,2.549999952316284,2.549999952316284,2.549999952316284,2.549999952316284,35711
2013-05-08 00:00:00+00:00,2.443619728088379,2.450000047683716,2.450000047683716,2.450000047683716,2.450000047683716,4560
2013-05-09 00:00:00+00:00,2.3438801765441895,2.3499999046325684,2.3499999046325684,2.3499999046325684,2.3499999046325684,76408
2013-05-10 00:00:00+00:00,2.244140625,2.25,2.25,2.25,2.25,5579
2013-05-13 00:00:00+00:00,2.1444010734558105,2.1500000953674316,2.25,2.1500000953674316,2.1500000953674316,181200
2013-05-14 00:00:00+00:00,2.044661283493042,2.049999952316284,2.049999952316284,2.049999952316284,2.049999952316284,18366
2013-05-15 00:00:00+00:00,1.944921851158142,1.9500000476837158,1.9500000476837158,1.9500000476837158,1.9500000476837158,29466
2013-05-16 00:00:00+00:00,1.8950520753860474,1.899999976158142,1.9500000476837158,1.899999976158142,1.899999976158142,185305
2013-05-17 00:00:00+00:00,1.8451822996139526,1.850000023841858,1.850000023841858,1.850000023841858,1.850000023841858,3500
2013-05-20 00:00:00+00:00,1.7953124046325684,1.7999999523162842,1.7999999523162842,1.7999999523162842,1.7999999523162842,71345
2013-05-21 00:00:00+00:00,1.7454426288604736,1.75,1.7999999523162842,1.75,1.7999999523162842,257053
2013-05-22 00:00:00+00:00,1.6955729722976685,1.7000000476837158,1.7000000476837158,1.7000000476837158,1.7000000476837158,3268
2013-05-23 00:00:00+00:00,1.6457030773162842,1.649999976158142,1.649999976158142,1.649999976158142,1.649999976158142,20872
2013-05-24 00:00:00+00:00,1.5958333015441895,1.600000023841858,1.600000023841858,1.600000023841858,1.600000023841858,30935
2013-05-27 00:00:00+00:00,1.5459634065628052,1.5499999523162842,1.5499999523162842,1.5499999523162842,1.5499999523162842,8570
2013-05-28 00:00:00+00:00,1.49609375,1.5,1.600000023841858,1.5,1.5,215680
2013-05-29 00:00:00+00:00,1.4462239742279053,1.4500000476837158,1.5,1.4500000476837158,1.5,108150
2013-05-30 00:00:00+00:00,1.396354079246521,1.399999976158142,1.399999976158142,1.399999976158142,1.399999976158142,6517
2013-05-31 00:00:00+00:00,1.3464844226837158,1.350000023841858,1.350000023841858,1.350000023841858,1.350000023841858,11025
2013-06-03 00:00:00+00:00,1.2966145277023315,1.2999999523162842,1.350000023841858,1.2999999523162842,1.2999999523162842,175030
2013-06-04 00:00:00+00:00,1.2467447519302368,1.25,1.25,1.25,1.25,66500
2013-06-05 00:00:00+00:00,1.196874976158142,1.2000000476837158,1.2000000476837158,1.2000000476837158,1.2000000476837158,11300
2013-06-06 00:00:00+00:00,1.1470052003860474,1.149999976158142,1.149999976158142,1.149999976158142,1.149999976158142,4910
2013-06-07 00:00:00+00:00,1.0971354246139526,1.100000023841858,1.100000023841858,1.100000023841858,1.100000023841858,4500
2013-06-10 00:00:00+00:00,1.0472655296325684,1.0499999523162842,1.0499999523162842,1.0499999523162842,1.0499999523162842,33895
2013-06-11 00:00:00+00:00,1.0971354246139526,1.100000023841858,1.100000023841858,1.100000023841858,1.100000023841858,8522
2013-06-12 00:00:00+00:00,1.0472655296325684,1.0499999523162842,1.149999976158142,1.0499999523162842,1.149999976158142,55200
2013-06-13 00:00:00+00:00,0.9973958134651184,1.0,1.0499999523162842,1.0,1.0499999523162842,5580
2013-06-14 00:00:00+00:00,0.9475260376930237,0.949999988079071,1.0,0.949999988079071,1.0,70200
2013-06-17 00:00:00+00:00,0.8976562023162842,0.8999999761581421,0.8999999761581421,0.8999999761581421,0.8999999761581421,7800
2013-06-18 00:00:00+00:00,0.8477864861488342,0.8500000238418579,0.8500000238418579,0.8500000238418579,0.8500000238418579,2250
2013-06-19 00:00:00+00:00,0.8976562023162842,0.8999999761581421,0.8999999761581421,0.8500000238418579,0.8999999761581421,71749
2013-06-20 00:00:00+00:00,0.9475260376930237,0.949999988079071,0.949999988079071,0.8500000238418579,0.949999988079071,22260
2013-06-21 00:00:00+00:00,0.9973958134651184,1.0,1.0,1.0,1.0,685
2013-06-24 00:00:00+00:00,0.9973958134651184,1.0,1.0499999523162842,1.0,1.0,64850
2013-06-25 00:00:00+00:00,0.9475260376930237,0.949999988079071,1.0,0.949999988079071,0.949999988079071,40671
2013-06-26 00:00:00+00:00,0.8976562023162842,0.8999999761581421,0.8999999761581421,0.8999999761581421,0.8999999761581421,7660
2013-06-27 00:00:00+00:00,0.8477864861488342,0.8500000238418579,0.8500000238418579,0.8500000238418579,0.8500000238418579,26560
2013-06-28 00:00:00+00:00,0.8976562023162842,0.8999999761581421,0.8999999761581421,0.800000011920929,0.800000011920929,15262
2013-07-01 00:00:00+00:00,0.8976562023162842,0.8999999761581421,0.949999988079071,0.8500000238418579,0.949999988079071,17201
2013-07-02 00:00:00+00:00,0.9475260376930237,0.949999988079071,0.949999988079071,0.8999999761581421,0.949999988079071,17511
2013-07-03 00:00:00+00:00,0.9973958134651184,1.0,1.0,1.0,1.0,10000
2013-07-04 00:00:00+00:00,1.0472655296325684,1.0499999523162842,1.0499999523162842,1.0,1.0,1070
2013-07-05 00:00:00+00:00,1.1470052003860474,1.149999976158142,1.149999976158142,1.149999976158142,1.149999976158142,65298
2013-07-08 00:00:00+00:00,1.2467447519302368,1.25,1.25,1.149999976158142,1.25,67761
2013-07-09 00:00:00+00:00,1.1470052003860474,1.149999976158142,1.350000023841858,1.149999976158142,1.2999999523162842,123313
2013-07-10 00:00:00+00:00,1.2467447519302368,1.25,1.25,1.2000000476837158,1.25,24559
2013-07-11 00:00:00+00:00,1.196874976158142,1.2000000476837158,1.25,1.2000000476837158,1.25,71997
2013-07-12 00:00:00+00:00,1.196874976158142,1.2000000476837158,1.25,1.2000000476837158,1.25,22797
2013-07-15 00:00:00+00:00,1.196874976158142,1.2000000476837158,1.25,1.149999976158142,1.25,121958
2013-07-16 00:00:00+00:00,1.2467447519302368,1.25,1.25,1.2000000476837158,1.25,3800
2013-07-17 00:00:00+00:00,1.196874976158142,1.2000000476837158,1.2999999523162842,1.2000000476837158,1.2999999523162842,67910
2013-07-18 00:00:00+00:00,1.196874976158142,1.2000000476837158,1.2000000476837158,1.2000000476837158,1.2000000476837158,40675
2013-07-19 00:00:00+00:00,1.196874976158142,1.2000000476837158,1.2000000476837158,1.149999976158142,1.2000000476837158,87000
2013-07-22 00:00:00+00:00,1.196874976158142,1.2000000476837158,1.2000000476837158,1.2000000476837158,1.2000000476837158,32100
2013-07-23 00:00:00+00:00,1.196874976158142,1.2000000476837158,1.25,1.2000000476837158,1.25,27710
2013-07-24 00:00:00+00:00,1.1470052003860474,1.149999976158142,1.2000000476837158,1.149999976158142,1.2000000476837158,50752
2013-07-25 00:00:00+00:00,1.0971354246139526,1.100000023841858,1.149999976158142,1.100000023841858,1.100000023841858,23350
2013-07-26 00:00:00+00:00,1.0971354246139526,1.100000023841858,1.100000023841858,1.100000023841858,1.100000023841858,5260
2013-07-29 00:00:00+00:00,1.1470052003860474,1.149999976158142,1.149999976158142,1.149999976158142,1.149999976158142,5250
2013-07-30 00:00:00+00:00,1.0971354246139526,1.100000023841858,1.2000000476837158,1.100000023841858,1.2000000476837158,14003
2013-07-31 00:00:00+00:00,1.0472655296325684,1.0499999523162842,1.100000023841858,1.0499999523162842,1.100000023841858,410
2013-08-01 00:00:00+00:00,1.0472655296325684,1.0499999523162842,1.100000023841858,1.0,1.0,13395
2013-08-02 00:00:00+00:00,0.9973958134651184,1.0,1.0,1.0,1.0,5103
2013-08-05 00:00:00+00:00,0.9475260376930237,0.949999988079071,0.949999988079071,0.949999988079071,0.949999988079071,4701
2013-08-06 00:00:00+00:00,0.8976562023162842,0.8999999761581421,1.0,0.8999999761581421,0.8999999761581421,2314
2013-08-07 00:00:00+00:00,0.9475260376930237,0.949999988079071,0.949999988079071,0.8500000238418579,0.8999999761581421,1260
2013-08-08 00:00:00+00:00,0.9973958134651184,1.0,1.0,0.949999988079071,1.0,8500
2013-08-12 00:00:00+00:00,0.9973958134651184,1.0,1.0,0.949999988079071,0.949999988079071,12194
2013-08-13 00:00:00+00:00,0.9475260376930237,0.949999988079071,1.0,0.949999988079071,1.0,3164
2013-08-14 00:00:00+00:00,0.9973958134651184,1.0,1.0,0.949999988079071,1.0,20640
2013-08-16 00:00:00+00:00,0.9973958134651184,1.0,1.0,0.949999988079071,0.949999988079071,13138
2013-08-19 00:00:00+00:00,0.9475260376930237,0.949999988079071,1.0,0.949999988079071,1.0,15150
2013-08-20 00:00:00+00:00,0.9973958134651184,1.0,1.0,0.949999988079071,0.949999988079071,10800
2013-08-21 00:00:00+00:00,0.9973958134651184,1.0,1.0,0.949999988079071,1.0,17610
2013-08-22 00:00:00+00:00,0.9475260376930237,0.949999988079071,0.949999988079071,0.949999988079071,0.949999988079071,53200
2013-08-23 00:00:00+00:00,0.8976562023162842,0.8999999761581421,0.949999988079071,0.8999999761581421,0.949999988079071,6688
2013-08-26 00:00:00+00:00,0.8477864861488342,0.8500000238418579,0.8999999761581421,0.8500000238418579,0.8500000238418579,7225
2013-08-27 00:00:00+00:00,0.7979166507720947,0.800000011920929,0.8999999761581421,0.800000011920929,0.8999999761581421,15788
2013-08-28 00:00:00+00:00,0.7979166507720947,0.800000011920929,0.8500000238418579,0.75,0.800000011920929,10331
2013-08-29 00:00:00+00:00,0.8477864861488342,0.8500000238418579,0.8500000238418579,0.800000011920929,0.800000011920929,7000
2013-08-30 00:00:00+00:00,0.8477864861488342,0.8500000238418579,0.8999999761581421,0.8500000238418579,0.8999999761581421,13226
2013-09-02 00:00:00+00:00,0.8976562023162842,0.8999999761581421,0.8999999761581421,0.8999999761581421,0.8999999761581421,1230
2013-09-03 00:00:00+00:00,0.8976562023162842,0.8999999761581421,0.8999999761581421,0.8999999761581421,0.8999999761581421,0
2013-09-04 00:00:00+00:00,0.8976562023162842,0.8999999761581421,0.949999988079071,0.8999999761581421,0.949999988079071,1600
2013-09-05 00:00:00+00:00,0.8477864861488342,0.8500000238418579,0.949999988079071,0.8500000238418579,0.949999988079071,13806
2013-09-06 00:00:00+00:00,0.8976562023162842,0.8999999761581421,0.8999999761581421,0.8500000238418579,0.8999999761581421,4900
2013-09-10 00:00:00+00:00,0.8976562023162842,0.8999999761581421,0.8999999761581421,0.8999999761581421,0.8999999761581421,17100
2013-09-11 00:00:00+00:00,0.8976562023162842,0.8999999761581421,0.8999999761581421,0.8999999761581421,0.8999999761581421,2251
2013-09-12 00:00:00+00:00,0.8477864861488342,0.8500000238418579,0.949999988079071,0.8500000238418579,0.949999988079071,102100
2013-09-13 00:00:00+00:00,0.8976562023162842,0.8999999761581421,0.8999999761581421,0.8999999761581421,0.8999999761581421,15770
2013-09-16 00:00:00+00:00,0.8976562023162842,0.8999999761581421,0.8999999761581421,0.8500000238418579,0.8999999761581421,10852
2013-09-17 00:00:00+00:00,0.8477864861488342,0.8500000238418579,0.949999988079071,0.8500000238418579,0.949999988079071,10548
2013-09-18 00:00:00+00:00,0.8976562023162842,0.8999999761581421,0.8999999761581421,0.800000011920929,0.8500000238418579,16460
2013-09-19 00:00:00+00:00,0.8976562023162842,0.8999999761581421,0.8999999761581421,0.8999999761581421,0.8999999761581421,17100
2013-09-20 00:00:00+00:00,0.8477864861488342,0.8500000238418579,0.8999999761581421,0.8500000238418579,0.8999999761581421,8309
2013-09-23 00:00:00+00:00,0.8477864861488342,0.8500000238418579,0.8500000238418579,0.800000011920929,0.8500000238418579,121
2013-09-24 00:00:00+00:00,0.8477864861488342,0.8500000238418579,0.8999999761581421,0.800000011920929,0.8500000238418579,7493
2013-09-25 00:00:00+00:00,0.8477864861488342,0.8500000238418579,0.8999999761581421,0.800000011920929,0.8999999761581421,10417
2013-09-26 00:00:00+00:00,0.8477864861488342,0.8500000238418579,0.8999999761581421,0.8500000238418579,0.8500000238418579,5900
2013-09-27 00:00:00+00:00,0.8477864861488342,0.8500000238418579,0.8999999761581421,0.8500000238418579,0.8999999761581421,6007
2013-09-30 00:00:00+00:00,0.8976562023162842,0.8999999761581421,0.8999999761581421,0.8500000238418579,0.8999999761581421,33950
2013-10-01 00:00:00+00:00,0.8477864861488342,0.8500000238418579,0.8500000238418579,0.8500000238418579,0.8500000238418579,1500
2013-10-03 00:00:00+00:00,0.8477864861488342,0.8500000238418579,0.8999999761581421,0.800000011920929,0.8999999761581421,8801
2013-10-04 00:00:00+00:00,0.7979166507720947,0.800000011920929,0.8500000238418579,0.800000011920929,0.8500000238418579,4509
2013-10-07 00:00:00+00:00,0.8477864861488342,0.8500000238418579,0.8500000238418579,0.8500000238418579,0.8500000238418579,139100
2013-10-08 00:00:00+00:00,0.8477864861488342,0.8500000238418579,0.8999999761581421,0.8500000238418579,0.8999999761581421,22605
2013-10-09 00:00:00+00:00,0.8477864861488342,0.8500000238418579,0.8500000238418579,0.8500000238418579,0.8500000238418579,16060
2013-10-10 00:00:00+00:00,0.8477864861488342,0.8500000238418579,0.8999999761581421,0.8500000238418579,0.8999999761581421,11105
2013-10-11 00:00:00+00:00,0.8477864861488342,0.8500000238418579,0.8500000238418579,0.8500000238418579,0.8500000238418579,30130
2013-10-14 00:00:00+00:00,0.8976562023162842,0.8999999761581421,0.8999999761581421,0.8500000238418579,0.8999999761581421,1600
2013-10-15 00:00:00+00:00,0.8477864861488342,0.8500000238418579,0.8999999761581421,0.8500000238418579,0.8999999761581421,7947
2013-10-17 00:00:00+00:00,0.8477864861488342,0.8500000238418579,0.8500000238418579,0.8500000238418579,0.8500000238418579,8704
2013-10-18 00:00:00+00:00,0.7979166507720947,0.800000011920929,0.8999999761581421,0.800000011920929,0.8999999761581421,12600
2013-10-21 00:00:00+00:00,0.7979166507720947,0.800000011920929,0.8500000238418579,0.75,0.8500000238418579,21509
2013-10-22 00:00:00+00:00,0.7979166507720947,0.800000011920929,0.8500000238418579,0.75,0.8500000238418579,31535
2013-10-23 00:00:00+00:00,0.748046875,0.75,0.800000011920929,0.75,0.75,27956
2013-10-24 00:00:00+00:00,0.7979166507720947,0.800000011920929,0.800000011920929,0.75,0.75,39311
2013-10-25 00:00:00+00:00,0.7979166507720947,0.800000011920929,0.800000011920929,0.75,0.800000011920929,105370
2013-10-28 00:00:00+00:00,0.7979166507720947,0.800000011920929,0.800000011920929,0.75,0.75,24665
2013-10-29 00:00:00+00:00,0.748046875,0.75,0.800000011920929,0.75,0.800000011920929,80500
2013-10-30 00:00:00+00:00,0.7979166507720947,0.800000011920929,0.800000011920929,0.75,0.800000011920929,43154
2013-10-31 00:00:00+00:00,0.748046875,0.75,0.800000011920929,0.75,0.800000011920929,33000
2013-11-01 00:00:00+00:00,0.748046875,0.75,0.800000011920929,0.75,0.800000011920929,25402
2013-11-05 00:00:00+00:00,0.7979166507720947,0.800000011920929,0.8500000238418579,0.75,0.8500000238418579,142890
2013-11-06 00:00:00+00:00,0.8477864861488342,0.8500000238418579,0.8500000238418579,0.800000011920929,0.8500000238418579,16722
2013-11-07 00:00:00+00:00,0.8976562023162842,0.8999999761581421,0.8999999761581421,0.800000011920929,0.8999999761581421,135505
2013-11-08 00:00:00+00:00,1.0472655296325684,1.0499999523162842,1.0499999523162842,0.800000011920929,0.8999999761581421,872164
2013-11-11 00:00:00+00:00,0.8477864861488342,0.8500000238418579,1.25,0.8500000238418579,1.0499999523162842,1079638
2013-11-12 00:00:00+00:00,0.7979166507720947,0.800000011920929,0.8999999761581421,0.75,0.8999999761581421,200766
2013-11-13 00:00:00+00:00,0.7979166507720947,0.800000011920929,0.800000011920929,0.75,0.800000011920929,85592
2013-11-14 00:00:00+00:00,0.7979166507720947,0.800000011920929,0.8500000238418579,0.75,0.8500000238418579,95885
2013-11-18 00:00:00+00:00,0.8477864861488342,0.8500000238418579,0.949999988079071,0.8500000238418579,0.8999999761581421,702625
2013-11-19 00:00:00+00:00,0.8477864861488342,0.8500000238418579,0.949999988079071,0.8500000238418579,0.949999988079071,443380
2013-11-20 00:00:00+00:00,0.8976562023162842,0.8999999761581421,0.949999988079071,0.8500000238418579,0.8999999761581421,268610
2013-11-21 00:00:00+00:00,0.8976562023162842,0.8999999761581421,0.949999988079071,0.8500000238418579,0.949999988079071,107376
2013-11-22 00:00:00+00:00,0.8477864861488342,0.8500000238418579,0.8999999761581421,0.800000011920929,0.8999999761581421,161643
2013-11-25 00:00:00+00:00,0.748046875,0.75,0.8999999761581421,0.75,0.8500000238418579,305129
2013-11-26 00:00:00+00:00,0.8477864861488342,0.8500000238418579,0.8999999761581421,0.75,0.800000011920929,312094
2013-11-27 00:00:00+00:00,0.7979166507720947,0.800000011920929,0.8500000238418579,0.75,0.8500000238418579,400342
2013-11-28 00:00:00+00:00,0.748046875,0.75,0.8500000238418579,0.699999988079071,0.8500000238418579,592510
2013-11-29 00:00:00+00:00,0.748046875,0.75,0.800000011920929,0.699999988079071,0.75,297178
2013-12-02 00:00:00+00:00,0.8477864861488342,0.8500000238418579,0.8999999761581421,0.75,0.8500000238418579,990472
2013-12-03 00:00:00+00:00,0.748046875,0.75,0.8500000238418579,0.75,0.8500000238418579,564754
2013-12-04 00:00:00+00:00,0.7979166507720947,0.800000011920929,0.8500000238418579,0.75,0.75,257229
2013-12-05 00:00:00+00:00,0.7979166507720947,0.800000011920929,0.8500000238418579,0.75,0.8500000238418579,1333885
2013-12-06 00:00:00+00:00,0.7979166507720947,0.800000011920929,0.8500000238418579,0.75,0.800000011920929,1338618
2013-12-09 00:00:00+00:00,0.7979166507720947,0.800000011920929,0.8500000238418579,0.75,0.800000011920929,340333
2013-12-10 00:00:00+00:00,0.748046875,0.75,0.8500000238418579,0.75,0.8500000238418579,417058
2013-12-11 00:00:00+00:00,0.6483072638511658,0.6499999761581421,0.800000011920929,0.6499999761581421,0.75,1893967
2013-12-12 00:00:00+00:00,0.6981770396232605,0.699999988079071,0.699999988079071,0.6000000238418579,0.6499999761581421,409561
2013-12-13 00:00:00+00:00,0.6981770396232605,0.699999988079071,0.75,0.6499999761581421,0.699999988079071,159146
2013-12-16 00:00:00+00:00,0.748046875,0.75,0.75,0.699999988079071,0.699999988079071,47217
2013-12-17 00:00:00+00:00,0.6981770396232605,0.699999988079071,0.75,0.6499999761581421,0.75,379449
2013-12-18 00:00:00+00:00,0.6981770396232605,0.699999988079071,0.75,0.6499999761581421,0.75,266837
2013-12-19 00:00:00+00:00,0.748046875,0.75,0.75,0.699999988079071,0.75,63910
2013-12-20 00:00:00+00:00,0.6981770396232605,0.699999988079071,0.75,0.6499999761581421,0.75,206870
2013-12-23 00:00:00+00:00,0.748046875,0.75,0.75,0.6499999761581421,0.75,322734
2013-12-24 00:00:00+00:00,0.7979166507720947,0.800000011920929,0.8500000238418579,0.75,0.800000011920929,310702
2013-12-26 00:00:00+00:00,0.7979166507720947,0.800000011920929,0.8500000238418579,0.75,0.800000011920929,701608
2013-12-27 00:00:00+00:00,0.7979166507720947,0.800000011920929,0.800000011920929,0.75,0.800000011920929,232945
2013-12-30 00:00:00+00:00,0.7979166507720947,0.800000011920929,0.800000011920929,0.75,0.800000011920929,327145
2013-12-31 00:00:00+00:00,0.748046875,0.75,0.8500000238418579,0.75,0.75,426315
2014-01-01 00:00:00+00:00,0.7979166507720947,0.800000011920929,0.800000011920929,0.75,0.800000011920929,158388
2014-01-02 00:00:00+00:00,0.7979166507720947,0.800000011920929,0.8500000238418579,0.75,0.800000011920929,557886
2014-01-03 00:00:00+00:00,0.8477864861488342,0.8500000238418579,0.8500000238418579,0.800000011920929,0.800000011920929,148254
2014-01-06 00:00:00+00:00,0.7979166507720947,0.800000011920929,0.8500000238418579,0.75,0.8500000238418579,373771
2014-01-07 00:00:00+00:00,0.7979166507720947,0.800000011920929,0.8500000238418579,0.75,0.8500000238418579,397966
2014-01-08 00:00:00+00:00,0.7979166507720947,0.800000011920929,0.8500000238418579,0.75,0.8500000238418579,303052
2014-01-09 00:00:00+00:00,0.748046875,0.75,0.8500000238418579,0.699999988079071,0.75,994875
2014-01-10 00:00:00+00:00,0.748046875,0.75,0.800000011920929,0.699999988079071,0.699999988079071,359051
2014-01-13 00:00:00+00:00,0.748046875,0.75,0.75,0.699999988079071,0.75,411311
2014-01-14 00:00:00+00:00,0.6483072638511658,0.6499999761581421,0.75,0.6499999761581421,0.75,577912
2014-01-15 00:00:00+00:00,0.6981770396232605,0.699999988079071,0.75,0.6499999761581421,0.75,121122
2014-01-16 00:00:00+00:00,0.6981770396232605,0.699999988079071,0.75,0.6499999761581421,0.6499999761581421,298743
2014-01-17 00:00:00+00:00,0.6981770396232605,0.699999988079071,0.75,0.6499999761581421,0.699999988079071,731054
2014-01-20 00:00:00+00:00,0.6981770396232605,0.699999988079071,0.75,0.6499999761581421,0.6499999761581421,737212
2014-01-21 00:00:00+00:00,0.6483072638511658,0.6499999761581421,0.699999988079071,0.6499999761581421,0.699999988079071,141204
2014-01-22 00:00:00+00:00,0.6483072638511658,0.6499999761581421,0.699999988079071,0.6000000238418579,0.699999988079071,824788
2014-01-23 00:00:00+00:00,0.6981770396232605,0.699999988079071,0.699999988079071,0.6000000238418579,0.6499999761581421,294875
2014-01-24 00:00:00+00:00,0.6981770396232605,0.699999988079071,0.699999988079071,0.6499999761581421,0.699999988079071,101612
2014-01-27 00:00:00+00:00,0.6483072638511658,0.6499999761581421,0.699999988079071,0.6000000238418579,0.699999988079071,728240
2014-01-28 00:00:00+00:00,0.6483072638511658,0.6499999761581421,0.699999988079071,0.6000000238418579,0.6499999761581421,410950
2014-01-29 00:00:00+00:00,0.598437488079071,0.6000000238418579,0.699999988079071,0.550000011920929,0.699999988079071,868578
2014-01-30 00:00:00+00:00,0.598437488079071,0.6000000238418579,0.6499999761581421,0.550000011920929,0.6499999761581421,209488
2014-01-31 00:00:00+00:00,0.598437488079071,0.6000000238418579,0.6000000238418579,0.550000011920929,0.6000000238418579,190043
2014-02-03 00:00:00+00:00,0.598437488079071,0.6000000238418579,0.6000000238418579,0.550000011920929,0.6000000238418579,82774
2014-02-04 00:00:00+00:00,0.5485677123069763,0.550000011920929,0.6000000238418579,0.5,0.6000000238418579,796851
2014-02-05 00:00:00+00:00,0.5485677123069763,0.550000011920929,0.6000000238418579,0.5,0.550000011920929,472418
2014-02-06 00:00:00+00:00,0.5485677123069763,0.550000011920929,0.6000000238418579,0.5,0.6000000238418579,538912
2014-02-07 00:00:00+00:00,0.598437488079071,0.6000000238418579,0.6499999761581421,0.550000011920929,0.6000000238418579,475718
2014-02-10 00:00:00+00:00,0.6981770396232605,0.699999988079071,0.699999988079071,0.6000000238418579,0.6000000238418579,338741
2014-02-11 00:00:00+00:00,0.7979166507720947,0.800000011920929,0.800000011920929,0.75,0.75,286189
2014-02-12 00:00:00+00:00,0.748046875,0.75,0.8500000238418579,0.75,0.8500000238418579,1188923
2014-02-13 00:00:00+00:00,0.6981770396232605,0.699999988079071,0.75,0.699999988079071,0.75,232960
2014-02-14 00:00:00+00:00,0.6981770396232605,0.699999988079071,0.75,0.6499999761581421,0.6499999761581421,407763
2014-02-17 00:00:00+00:00,0.748046875,0.75,0.75,0.6499999761581421,0.75,383057
2014-02-18 00:00:00+00:00,0.748046875,0.75,0.75,0.699999988079071,0.75,122782
2014-02-19 00:00:00+00:00,0.748046875,0.75,0.75,0.699999988079071,0.75,199814
2014-02-20 00:00:00+00:00,0.748046875,0.75,0.75,0.699999988079071,0.75,112172
2014-02-21 00:00:00+00:00,0.6981770396232605,0.699999988079071,0.75,0.699999988079071,0.699999988079071,243752
2014-02-24 00:00:00+00:00,0.6981770396232605,0.699999988079071,0.699999988079071,0.6499999761581421,0.6499999761581421,337795
2014-02-25 00:00:00+00:00,0.6981770396232605,0.699999988079071,0.699999988079071,0.6499999761581421,0.6499999761581421,12465
2014-02-26 00:00:00+00:00,0.6981770396232605,0.699999988079071,0.699999988079071,0.6499999761581421,0.699999988079071,58087
2014-02-28 00:00:00+00:00,0.6483072638511658,0.6499999761581421,0.699999988079071,0.6499999761581421,0.699999988079071,26379
2014-03-03 00:00:00+00:00,0.6981770396232605,0.699999988079071,0.699999988079071,0.6499999761581421,0.699999988079071,84791
2014-03-04 00:00:00+00:00,0.6483072638511658,0.6499999761581421,0.699999988079071,0.6499999761581421,0.699999988079071,13399
2014-03-05 00:00:00+00:00,0.6981770396232605,0.699999988079071,0.699999988079071,0.6499999761581421,0.699999988079071,53560
2014-03-06 00:00:00+00:00,0.6981770396232605,0.699999988079071,0.699999988079071,0.6499999761581421,0.699999988079071,184354
2014-03-07 00:00:00+00:00,0.6981770396232605,0.699999988079071,0.699999988079071,0.6499999761581421,0.6499999761581421,84622
2014-03-10 00:00:00+00:00,0.6981770396232605,0.699999988079071,0.699999988079071,0.6499999761581421,0.6499999761581421,81695
2014-03-11 00:00:00+00:00,0.6483072638511658,0.6499999761581421,0.699999988079071,0.6000000238418579,0.6499999761581421,78199
2014-03-12 00:00:00+00:00,0.6483072638511658,0.6499999761581421,0.6499999761581421,0.6000000238418579,0.6499999761581421,37458
2014-03-13 00:00:00+00:00,0.6981770396232605,0.699999988079071,0.699999988079071,0.6000000238418579,0.6499999761581421,158595
2014-03-14 00:00:00+00:00,0.6981770396232605,0.699999988079071,0.699999988079071,0.6499999761581421,0.699999988079071,58484
2014-03-18 00:00:00+00:00,0.748046875,0.75,0.800000011920929,0.6499999761581421,0.699999988079071,938943
2014-03-19 00:00:00+00:00,0.8976562023162842,0.8999999761581421,0.8999999761581421,0.8500000238418579,0.8500000238418579,1014149
2014-03-20 00:00:00+00:00,0.9475260376930237,0.949999988079071,0.949999988079071,0.949999988079071,0.949999988079071,395278
2014-03-21 00:00:00+00:00,0.9973958134651184,1.0,1.0,1.0,1.0,159815
2014-03-24 00:00:00+00:00,1.1470052003860474,1.149999976158142,1.149999976158142,1.149999976158142,1.149999976158142,322200
2014-03-25 00:00:00+00:00,1.0971354246139526,1.100000023841858,1.2000000476837158,1.100000023841858,1.2000000476837158,2905791
2014-03-26 00:00:00+00:00,1.0472655296325684,1.0499999523162842,1.100000023841858,1.0499999523162842,1.100000023841858,230983
2014-03-27 00:00:00+00:00,0.9973958134651184,1.0,1.0,1.0,1.0,176216
2014-03-28 00:00:00+00:00,1.0472655296325684,1.0499999523162842,1.0499999523162842,0.949999988079071,0.949999988079071,417770
2014-03-31 00:00:00+00:00,0.9973958134651184,1.0,1.100000023841858,1.0,1.100000023841858,385056
2014-04-01 00:00:00+00:00,1.0472655296325684,1.0499999523162842,1.0499999523162842,1.0,1.0499999523162842,179794
2014-04-02 00:00:00+00:00,1.0971354246139526,1.100000023841858,1.100000023841858,1.0499999523162842,1.100000023841858,115781
2014-04-03 00:00:00+00:00,1.1470052003860474,1.149999976158142,1.149999976158142,1.100000023841858,1.149999976158142,554134
2014-04-04 00:00:00+00:00,1.196874976158142,1.2000000476837158,1.2000000476837158,1.149999976158142,1.149999976158142,170251
2014-04-07 00:00:00+00:00,1.196874976158142,1.2000000476837158,1.25,1.149999976158142,1.25,592993
2014-04-09 00:00:00+00:00,1.1470052003860474,1.149999976158142,1.2000000476837158,1.149999976158142,1.2000000476837158,345726
2014-04-10 00:00:00+00:00,1.0971354246139526,1.100000023841858,1.149999976158142,1.100000023841858,1.149999976158142,298351
2014-04-11 00:00:00+00:00,1.0472655296325684,1.0499999523162842,1.100000023841858,1.0499999523162842,1.0499999523162842,88638
2014-04-15 00:00:00+00:00,1.0971354246139526,1.100000023841858,1.100000023841858,1.0,1.100000023841858,119587
2014-04-16 00:00:00+00:00,1.0971354246139526,1.100000023841858,1.149999976158142,1.100000023841858,1.149999976158142,222530
2014-04-17 00:00:00+00:00,1.1470052003860474,1.149999976158142,1.149999976158142,1.100000023841858,1.149999976158142,102022
2014-04-21 00:00:00+00:00,1.1470052003860474,1.149999976158142,1.2000000476837158,1.100000023841858,1.100000023841858,129587
2014-04-22 00:00:00+00:00,1.1470052003860474,1.149999976158142,1.2000000476837158,1.100000023841858,1.2000000476837158,217319
2014-04-23 00:00:00+00:00,1.0971354246139526,1.100000023841858,1.149999976158142,1.100000023841858,1.149999976158142,138012
2014-04-24 00:00:00+00:00,1.0971354246139526,1.100000023841858,1.100000023841858,1.100000023841858,1.100000023841858,0
2014-04-25 00:00:00+00:00,1.0472655296325684,1.0499999523162842,1.100000023841858,1.0499999523162842,1.100000023841858,79717
2014-04-28 00:00:00+00:00,0.9973958134651184,1.0,1.0499999523162842,1.0,1.0499999523162842,160938
2014-04-29 00:00:00+00:00,0.9475260376930237,0.949999988079071,1.0,0.949999988079071,0.949999988079071,275357
2014-04-30 00:00:00+00:00,0.9973958134651184,1.0,1.0,0.8999999761581421,0.8999999761581421,491978
2014-05-02 00:00:00+00:00,1.0472655296325684,1.0499999523162842,1.0499999523162842,1.0,1.0499999523162842,91375
2014-05-05 00:00:00+00:00,0.9973958134651184,1.0,1.100000023841858,1.0,1.100000023841858,148061
2014-05-06 00:00:00+00:00,1.0472655296325684,1.0499999523162842,1.0499999523162842,0.949999988079071,0.949999988079071,8663
2014-05-07 00:00:00+00:00,0.9973958134651184,1.0,1.0499999523162842,1.0,1.0,35342
2014-05-08 00:00:00+00:00,0.9973958134651184,1.0,1.0499999523162842,0.949999988079071,1.0,95460
2014-05-09 00:00:00+00:00,0.9475260376930237,0.949999988079071,1.0,0.949999988079071,1.0,267212
2014-05-12 00:00:00+00:00,0.8976562023162842,0.8999999761581421,1.0,0.8999999761581421,0.8999999761581421,93307
2014-05-13 00:00:00+00:00,0.8976562023162842,0.8999999761581421,0.949999988079071,0.8500000238418579,0.949999988079071,91822
2014-05-14 00:00:00+00:00,0.9475260376930237,0.949999988079071,0.949999988079071,0.8500000238418579,0.8500000238418579,84318
2014-05-15 00:00:00+00:00,0.8976562023162842,0.8999999761581421,0.949999988079071,0.8999999761581421,0.8999999761581421,174482
2014-05-16 00:00:00+00:00,0.9475260376930237,0.949999988079071,0.949999988079071,0.8500000238418579,0.8500000238418579,231494
2014-05-19 00:00:00+00:00,0.9973958134651184,1.0,1.0,0.8999999761581421,0.8999999761581421,328882
2014-05-20 00:00:00+00:00,1.0472655296325684,1.0499999523162842,1.0499999523162842,1.0,1.0499999523162842,403446
2014-05-21 00:00:00+00:00,1.0971354246139526,1.100000023841858,1.100000023841858,1.0,1.100000023841858,526883
2014-05-22 00:00:00+00:00,1.1470052003860474,1.149999976158142,1.149999976158142,1.100000023841858,1.100000023841858,460035
2014-05-23 00:00:00+00:00,1.196874976158142,1.2000000476837158,1.2000000476837158,1.2000000476837158,1.2000000476837158,216771
2014-05-26 00:00:00+00:00,1.2467447519302368,1.25,1.25,1.2000000476837158,1.25,741984
2014-05-27 00:00:00+00:00,1.196874976158142,1.2000000476837158,1.2999999523162842,1.2000000476837158,1.2999999523162842,484163
2014-05-28 00:00:00+00:00,1.2467447519302368,1.25,1.25,1.2000000476837158,1.25,173688
2014-05-29 00:00:00+00:00,1.2966145277023315,1.2999999523162842,1.2999999523162842,1.25,1.2999999523162842,494215
2014-05-30 00:00:00+00:00,1.3464844226837158,1.350000023841858,1.350000023841858,1.2999999523162842,1.2999999523162842,297811
2014-06-02 00:00:00+00:00,1.396354079246521,1.399999976158142,1.399999976158142,1.399999976158142,1.399999976158142,60653
2014-06-03 00:00:00+00:00,1.4462239742279053,1.4500000476837158,1.4500000476837158,1.4500000476837158,1.4500000476837158,98216
2014-06-04 00:00:00+00:00,1.49609375,1.5,1.5,1.5,1.5,22640
2014-06-05 00:00:00+00:00,1.5459634065628052,1.5499999523162842,1.5499999523162842,1.5499999523162842,1.5499999523162842,12739
2014-06-06 00:00:00+00:00,1.5958333015441895,1.600000023841858,1.600000023841858,1.600000023841858,1.600000023841858,19735
2014-06-09 00:00:00+00:00,1.6457030773162842,1.649999976158142,1.649999976158142,1.649999976158142,1.649999976158142,5500
2014-06-10 00:00:00+00:00,1.6955729722976685,1.7000000476837158,1.7000000476837158,1.7000000476837158,1.7000000476837158,3086
2014-06-11 00:00:00+00:00,1.7454426288604736,1.75,1.75,1.75,1.75,1220
2014-06-12 00:00:00+00:00,1.7953124046325684,1.7999999523162842,1.7999999523162842,1.7999999523162842,1.7999999523162842,40514
2014-06-13 00:00:00+00:00,1.8451822996139526,1.850000023841858,1.850000023841858,1.850000023841858,1.850000023841858,17673
2014-06-16 00:00:00+00:00,1.8950520753860474,1.899999976158142,1.899999976158142,1.899999976158142,1.899999976158142,12296
2014-06-17 00:00:00+00:00,1.944921851158142,1.9500000476837158,1.9500000476837158,1.9500000476837158,1.9500000476837158,6404
2014-06-18 00:00:00+00:00,1.9947916269302368,2.0,2.0,2.0,2.0,11955
2014-06-19 00:00:00+00:00,2.0945310592651367,2.0999999046325684,2.0999999046325684,2.0999999046325684,2.0999999046325684,14662
2014-06-20 00:00:00+00:00,2.1942708492279053,2.200000047683716,2.200000047683716,2.200000047683716,2.200000047683716,2038
2014-06-23 00:00:00+00:00,2.2940104007720947,2.299999952316284,2.299999952316284,2.299999952316284,2.299999952316284,4215
2014-06-24 00:00:00+00:00,2.393749952316284,2.4000000953674316,2.4000000953674316,2.4000000953674316,2.4000000953674316,2375
2014-06-25 00:00:00+00:00,2.4934895038604736,2.5,2.5,2.5,2.5,51321
2014-06-26 00:00:00+00:00,2.593229055404663,2.5999999046325684,2.5999999046325684,2.5999999046325684,2.5999999046325684,2121
2014-06-27 00:00:00+00:00,2.6929688453674316,2.700000047683716,2.700000047683716,2.700000047683716,2.700000047683716,4000
2014-06-30 00:00:00+00:00,2.792708158493042,2.799999952316284,2.799999952316284,2.799999952316284,2.799999952316284,62192
2014-07-01 00:00:00+00:00,2.8924479484558105,2.9000000953674316,2.9000000953674316,2.9000000953674316,2.9000000953674316,402
2014-07-02 00:00:00+00:00,2.9921875,3.0,3.0,3.0,3.0,33383
2014-07-03 00:00:00+00:00,3.141796827316284,3.1500000953674316,3.1500000953674316,3.1500000953674316,3.1500000953674316,38496
2014-07-04 00:00:00+00:00,3.2914061546325684,3.299999952316284,3.299999952316284,3.299999952316284,3.299999952316284,36300
2014-07-07 00:00:00+00:00,3.4410157203674316,3.450000047683716,3.450000047683716,3.450000047683716,3.450000047683716,87022
2014-07-08 00:00:00+00:00,3.341275930404663,3.3499999046325684,3.5999999046325684,3.299999952316284,3.5999999046325684,340053
2014-07-09 00:00:00+00:00,3.191666603088379,3.200000047683716,3.200000047683716,3.200000047683716,3.200000047683716,194945
2014-07-10 00:00:00+00:00,3.0420572757720947,3.049999952316284,3.049999952316284,3.049999952316284,3.049999952316284,204379
2014-07-11 00:00:00+00:00,2.8924479484558105,2.9000000953674316,2.9000000953674316,2.9000000953674316,2.9000000953674316,120686
2014-07-14 00:00:00+00:00,2.792708158493042,2.799999952316284,2.799999952316284,2.799999952316284,2.799999952316284,33871
2014-07-15 00:00:00+00:00,2.6929688453674316,2.700000047683716,2.700000047683716,2.700000047683716,2.700000047683716,139706
2014-07-16 00:00:00+00:00,2.7428383827209473,2.75,2.799999952316284,2.5999999046325684,2.5999999046325684,840741
2014-07-17 00:00:00+00:00,2.8425779342651367,2.8499999046325684,2.8499999046325684,2.6500000953674316,2.8499999046325684,204141
2014-07-18 00:00:00+00:00,2.9423177242279053,2.950000047683716,2.950000047683716,2.799999952316284,2.8499999046325684,46920
2014-07-21 00:00:00+00:00,3.0420572757720947,3.049999952316284,3.049999952316284,3.049999952316284,3.049999952316284,16773
2014-07-22 00:00:00+00:00,3.191666603088379,3.200000047683716,3.200000047683716,3.200000047683716,3.200000047683716,16405
2014-07-23 00:00:00+00:00,3.2415363788604736,3.25,3.3499999046325684,3.0999999046325684,3.3499999046325684,265732
2014-07-24 00:00:00+00:00,3.391145944595337,3.4000000953674316,3.4000000953674316,3.1500000953674316,3.4000000953674316,318537
2014-07-25 00:00:00+00:00,3.540755033493042,3.549999952316284,3.549999952316284,3.25,3.549999952316284,354458
2014-07-28 00:00:00+00:00,3.6903645992279053,3.700000047683716,3.700000047683716,3.5,3.5,294722
2014-07-30 00:00:00+00:00,3.8399736881256104,3.8499999046325684,3.8499999046325684,3.8499999046325684,3.8499999046325684,87170
2014-07-31 00:00:00+00:00,3.6903645992279053,3.700000047683716,4.0,3.700000047683716,4.0,236341
2014-08-01 00:00:00+00:00,3.540755033493042,3.549999952316284,3.5999999046325684,3.549999952316284,3.5999999046325684,25115
2014-08-04 00:00:00+00:00,3.6903645992279053,3.700000047683716,3.700000047683716,3.4000000953674316,3.4000000953674316,295169
2014-08-05 00:00:00+00:00,3.8399736881256104,3.8499999046325684,3.8499999046325684,3.8499999046325684,3.8499999046325684,91858
2014-08-06 00:00:00+00:00,3.939713478088379,3.950000047683716,4.0,3.700000047683716,3.950000047683716,443211
2014-08-07 00:00:00+00:00,3.7901041507720947,3.799999952316284,4.099999904632568,3.799999952316284,4.099999904632568,238392
2014-08-08 00:00:00+00:00,3.6404948234558105,3.6500000953674316,3.6500000953674316,3.6500000953674316,3.6500000953674316,45356
2014-08-11 00:00:00+00:00,3.6404948234558105,3.6500000953674316,3.799999952316284,3.549999952316284,3.6500000953674316,200053
2014-08-12 00:00:00+00:00,3.4908852577209473,3.5,3.75,3.5,3.75,78766
2014-08-13 00:00:00+00:00,3.4908852577209473,3.5,3.6500000953674316,3.3499999046325684,3.4000000953674316,157045
2014-08-14 00:00:00+00:00,3.6404948234558105,3.6500000953674316,3.6500000953674316,3.6500000953674316,3.6500000953674316,52264
2014-08-18 00:00:00+00:00,3.4908852577209473,3.5,3.5,3.5,3.5,116177
2014-08-19 00:00:00+00:00,3.341275930404663,3.3499999046325684,3.3499999046325684,3.3499999046325684,3.3499999046325684,38780
2014-08-20 00:00:00+00:00,3.191666603088379,3.200000047683716,3.25,3.200000047683716,3.200000047683716,638926
2014-08-21 00:00:00+00:00,3.0420572757720947,3.049999952316284,3.200000047683716,3.049999952316284,3.049999952316284,295468
2014-08-22 00:00:00+00:00,2.8924479484558105,2.9000000953674316,3.0,2.9000000953674316,2.950000047683716,463316
2014-08-25 00:00:00+00:00,2.792708158493042,2.799999952316284,2.9000000953674316,2.799999952316284,2.9000000953674316,107621
2014-08-26 00:00:00+00:00,2.6929688453674316,2.700000047683716,2.700000047683716,2.700000047683716,2.700000047683716,24290
2014-08-27 00:00:00+00:00,2.593229055404663,2.5999999046325684,2.5999999046325684,2.5999999046325684,2.5999999046325684,145576
2014-08-28 00:00:00+00:00,2.6929688453674316,2.700000047683716,2.700000047683716,2.5,2.5,306152
2014-09-01 00:00:00+00:00,2.792708158493042,2.799999952316284,2.799999952316284,2.799999952316284,2.799999952316284,42984
2014-09-02 00:00:00+00:00,2.8924479484558105,2.9000000953674316,2.9000000953674316,2.9000000953674316,2.9000000953674316,82030
2014-09-03 00:00:00+00:00,2.9921875,3.0,3.0,2.950000047683716,3.0,190653
2014-09-04 00:00:00+00:00,2.8425779342651367,2.8499999046325684,3.1500000953674316,2.8499999046325684,3.1500000953674316,250132
2014-09-05 00:00:00+00:00,2.8425779342651367,2.8499999046325684,2.950000047683716,2.75,2.75,172314
2014-09-08 00:00:00+00:00,2.7428383827209473,2.75,2.950000047683716,2.75,2.950000047683716,197085
2014-09-09 00:00:00+00:00,2.643099069595337,2.6500000953674316,2.8499999046325684,2.6500000953674316,2.799999952316284,438000
2014-09-10 00:00:00+00:00,2.5433592796325684,2.549999952316284,2.700000047683716,2.549999952316284,2.700000047683716,213013
2014-09-11 00:00:00+00:00,2.643099069595337,2.6500000953674316,2.6500000953674316,2.450000047683716,2.450000047683716,399741
2014-09-12 00:00:00+00:00,2.7428383827209473,2.75,2.75,2.700000047683716,2.75,374683
2014-09-15 00:00:00+00:00,2.8425779342651367,2.8499999046325684,2.8499999046325684,2.799999952316284,2.8499999046325684,149086
2014-09-16 00:00:00+00:00,2.9423177242279053,2.950000047683716,2.950000047683716,2.75,2.950000047683716,280208
2014-09-17 00:00:00+00:00,3.0420572757720947,3.049999952316284,3.049999952316284,3.0,3.0,134712
2014-09-18 00:00:00+00:00,3.191666603088379,3.200000047683716,3.200000047683716,3.200000047683716,3.200000047683716,90634
2014-09-19 00:00:00+00:00,3.341275930404663,3.3499999046325684,3.3499999046325684,3.3499999046325684,3.3499999046325684,39955
2014-09-22 00:00:00+00:00,3.4908852577209473,3.5,3.5,3.5,3.5,37566
2014-09-23 00:00:00+00:00,3.341275930404663,3.3499999046325684,3.6500000953674316,3.3499999046325684,3.6500000953674316,597248
2014-09-24 00:00:00+00:00,3.191666603088379,3.200000047683716,3.450000047683716,3.200000047683716,3.450000047683716,154075
2014-09-25 00:00:00+00:00,3.0420572757720947,3.049999952316284,3.049999952316284,3.049999952316284,3.049999952316284,39832
2014-09-26 00:00:00+00:00,2.8924479484558105,2.9000000953674316,2.9000000953674316,2.9000000953674316,2.9000000953674316,50802
2014-09-29 00:00:00+00:00,2.9423177242279053,2.950000047683716,3.0,2.799999952316284,2.9000000953674316,256139
2014-09-30 00:00:00+00:00,2.8425779342651367,2.8499999046325684,3.049999952316284,2.8499999046325684,3.049999952316284,193147
2014-10-01 00:00:00+00:00,2.8425779342651367,2.8499999046325684,2.950000047683716,2.8499999046325684,2.950000047683716,66425
2014-10-07 00:00:00+00:00,2.792708158493042,2.799999952316284,2.950000047683716,2.75,2.9000000953674316,94423
2014-10-08 00:00:00+00:00,2.8425779342651367,2.8499999046325684,2.9000000953674316,2.75,2.75,115791
2014-10-09 00:00:00+00:00,2.7428383827209473,2.75,2.950000047683716,2.75,2.950000047683716,178106
2014-10-10 00:00:00+00:00,2.643099069595337,2.6500000953674316,2.799999952316284,2.6500000953674316,2.6500000953674316,141223
2014-10-13 00:00:00+00:00,2.593229055404663,2.5999999046325684,2.75,2.549999952316284,2.75,172499
2014-10-14 00:00:00+00:00,2.5433592796325684,2.549999952316284,2.700000047683716,2.5,2.700000047683716,50943
2014-10-15 00:00:00+00:00,2.5433592796325684,2.549999952316284,2.549999952316284,2.549999952316284,2.549999952316284,0
2014-10-16 00:00:00+00:00,2.4934895038604736,2.5,2.5999999046325684,2.450000047683716,2.5999999046325684,243347
2014-10-17 00:00:00+00:00,2.593229055404663,2.5999999046325684,2.5999999046325684,2.4000000953674316,2.549999952316284,370061
2014-10-20 00:00:00+00:00,2.643099069595337,2.6500000953674316,2.700000047683716,2.5999999046325684,2.6500000953674316,294316
2014-10-21 00:00:00+00:00,2.643099069595337,2.6500000953674316,2.75,2.549999952316284,2.75,34679
2014-10-22 00:00:00+00:00,2.5433592796325684,2.549999952316284,2.6500000953674316,2.549999952316284,2.6500000953674316,65988
2014-10-27 00:00:00+00:00,2.3438801765441895,2.3499999046325684,2.450000047683716,2.3499999046325684,2.4000000953674316,181731
2014-10-28 00:00:00+00:00,2.244140625,2.25,2.299999952316284,2.25,2.299999952316284,68553
2014-10-29 00:00:00+00:00,2.1444010734558105,2.1500000953674316,2.25,2.1500000953674316,2.1500000953674316,181309
2014-10-30 00:00:00+00:00,2.244140625,2.25,2.25,2.25,2.25,8639
2014-10-31 00:00:00+00:00,2.3438801765441895,2.3499999046325684,2.3499999046325684,2.3499999046325684,2.3499999046325684,26608
2014-11-03 00:00:00+00:00,2.443619728088379,2.450000047683716,2.450000047683716,2.450000047683716,2.450000047683716,3392
2014-11-05 00:00:00+00:00,2.5433592796325684,2.549999952316284,2.549999952316284,2.549999952316284,2.549999952316284,7901
2014-11-07 00:00:00+00:00,2.643099069595337,2.6500000953674316,2.6500000953674316,2.6500000953674316,2.6500000953674316,139501
2014-11-10 00:00:00+00:00,2.7428383827209473,2.75,2.75,2.75,2.75,55461
2014-11-11 00:00:00+00:00,2.6929688453674316,2.700000047683716,2.8499999046325684,2.6500000953674316,2.8499999046325684,127914
2014-11-12 00:00:00+00:00,2.593229055404663,2.5999999046325684,2.799999952316284,2.5999999046325684,2.799999952316284,110982
2014-11-13 00:00:00+00:00,2.593229055404663,2.5999999046325684,2.6500000953674316,2.5,2.5,75147
2014-11-14 00:00:00+00:00,2.6929688453674316,2.700000047683716,2.700000047683716,2.6500000953674316,2.6500000953674316,123808
2014-11-17 00:00:00+00:00,2.7428383827209473,2.75,2.799999952316284,2.700000047683716,2.799999952316284,113610
2014-11-18 00:00:00+00:00,2.643099069595337,2.6500000953674316,2.799999952316284,2.6500000953674316,2.799999952316284,79474
2014-11-19 00:00:00+00:00,2.593229055404663,2.5999999046325684,2.75,2.5999999046325684,2.700000047683716,60533
2014-11-20 00:00:00+00:00,2.4934895038604736,2.5,2.6500000953674316,2.5,2.6500000953674316,144496
2014-11-21 00:00:00+00:00,2.393749952316284,2.4000000953674316,2.549999952316284,2.4000000953674316,2.549999952316284,109187
2014-11-24 00:00:00+00:00,2.3438801765441895,2.3499999046325684,2.4000000953674316,2.299999952316284,2.299999952316284,120604
2014-11-25 00:00:00+00:00,2.244140625,2.25,2.4000000953674316,2.25,2.4000000953674316,68621
2014-11-26 00:00:00+00:00,2.244140625,2.25,2.299999952316284,2.1500000953674316,2.25,184696
2014-11-27 00:00:00+00:00,2.1444010734558105,2.1500000953674316,2.3499999046325684,2.1500000953674316,2.3499999046325684,153087
2014-11-28 00:00:00+00:00,2.0945310592651367,2.0999999046325684,2.25,2.049999952316284,2.25,122643
2014-12-01 00:00:00+00:00,2.1942708492279053,2.200000047683716,2.200000047683716,2.049999952316284,2.049999952316284,56723
2014-12-02 00:00:00+00:00,2.2940104007720947,2.299999952316284,2.299999952316284,2.299999952316284,2.299999952316284,57244
2014-12-03 00:00:00+00:00,2.393749952316284,2.4000000953674316,2.4000000953674316,2.3499999046325684,2.4000000953674316,50795
2014-12-04 00:00:00+00:00,2.393749952316284,2.4000000953674316,2.4000000953674316,2.4000000953674316,2.4000000953674316,0
2014-12-05 00:00:00+00:00,2.593229055404663,2.5999999046325684,2.5999999046325684,2.4000000953674316,2.5999999046325684,141285
2014-12-08 00:00:00+00:00,2.4934895038604736,2.5,2.5999999046325684,2.5,2.5999999046325684,58689
2014-12-09 00:00:00+00:00,2.4934895038604736,2.5,2.5,2.5,2.5,0
2014-12-10 00:00:00+00:00,2.2940104007720947,2.299999952316284,2.3499999046325684,2.299999952316284,2.299999952316284,24992
2014-12-11 00:00:00+00:00,2.244140625,2.25,2.299999952316284,2.200000047683716,2.25,102050
2014-12-12 00:00:00+00:00,2.2940104007720947,2.299999952316284,2.3499999046325684,2.200000047683716,2.25,37814
2014-12-15 00:00:00+00:00,2.1942708492279053,2.200000047683716,2.4000000953674316,2.200000047683716,2.25,83729
2014-12-16 00:00:00+00:00,2.0945310592651367,2.0999999046325684,2.1500000953674316,2.0999999046325684,2.0999999046325684,79778
2014-12-17 00:00:00+00:00,1.9947916269302368,2.0,2.200000047683716,2.0,2.200000047683716,201081
2014-12-18 00:00:00+00:00,1.8950520753860474,1.899999976158142,2.049999952316284,1.899999976158142,1.9500000476837158,91373
2014-12-19 00:00:00+00:00,1.8950520753860474,1.899999976158142,1.9500000476837158,1.850000023841858,1.899999976158142,82888
2014-12-22 00:00:00+00:00,1.8950520753860474,1.899999976158142,1.9500000476837158,1.899999976158142,1.9500000476837158,78263
2014-12-23 00:00:00+00:00,1.944921851158142,1.9500000476837158,1.9500000476837158,1.850000023841858,1.899999976158142,128688
2014-12-24 00:00:00+00:00,1.9947916269302368,2.0,2.0,1.9500000476837158,1.9500000476837158,16666
2014-12-26 00:00:00+00:00,2.044661283493042,2.049999952316284,2.0999999046325684,2.0,2.0,37759
2014-12-29 00:00:00+00:00,2.1444010734558105,2.1500000953674316,2.1500000953674316,2.0,2.0,33463
2014-12-30 00:00:00+00:00,2.244140625,2.25,2.25,2.25,2.25,14132
2014-12-31 00:00:00+00:00,2.3438801765441895,2.3499999046325684,2.3499999046325684,2.299999952316284,2.3499999046325684,56091
2015-01-01 00:00:00+00:00,2.2940104007720947,2.299999952316284,2.450000047683716,2.299999952316284,2.299999952316284,32914
2015-01-02 00:00:00+00:00,2.393749952316284,2.4000000953674316,2.4000000953674316,2.299999952316284,2.299999952316284,47770
2015-01-05 00:00:00+00:00,2.443619728088379,2.450000047683716,2.5,2.450000047683716,2.5,77867
2015-01-06 00:00:00+00:00,2.3438801765441895,2.3499999046325684,2.549999952316284,2.3499999046325684,2.5,89079
2015-01-07 00:00:00+00:00,2.3438801765441895,2.3499999046325684,2.450000047683716,2.25,2.299999952316284,60898
2015-01-08 00:00:00+00:00,2.393749952316284,2.4000000953674316,2.450000047683716,2.3499999046325684,2.3499999046325684,65661
2015-01-09 00:00:00+00:00,2.2940104007720947,2.299999952316284,2.5,2.299999952316284,2.5,68914
2015-01-12 00:00:00+00:00,2.1942708492279053,2.200000047683716,2.4000000953674316,2.200000047683716,2.4000000953674316,80605
2015-01-13 00:00:00+00:00,2.1942708492279053,2.200000047683716,2.299999952316284,2.0999999046325684,2.200000047683716,55990
2015-01-14 00:00:00+00:00,2.1444010734558105,2.1500000953674316,2.299999952316284,2.1500000953674316,2.200000047683716,30606
2015-01-15 00:00:00+00:00,2.1444010734558105,2.1500000953674316,2.25,2.0999999046325684,2.1500000953674316,67548
2015-01-16 00:00:00+00:00,2.0945310592651367,2.0999999046325684,2.25,2.049999952316284,2.0999999046325684,46405
2015-01-19 00:00:00+00:00,2.044661283493042,2.049999952316284,2.200000047683716,2.0,2.0,60866
2015-01-20 00:00:00+00:00,2.1444010734558105,2.1500000953674316,2.1500000953674316,2.0,2.1500000953674316,21871
2015-01-21 00:00:00+00:00,2.044661283493042,2.049999952316284,2.200000047683716,2.049999952316284,2.200000047683716,77306
2015-01-22 00:00:00+00:00,1.9947916269302368,2.0,2.0999999046325684,1.9500000476837158,2.0999999046325684,74660
2015-01-23 00:00:00+00:00,1.944921851158142,1.9500000476837158,2.0999999046325684,1.899999976158142,2.0999999046325684,41936
2015-01-27 00:00:00+00:00,1.8950520753860474,1.899999976158142,2.0,1.899999976158142,1.9500000476837158,151770
2015-01-28 00:00:00+00:00,1.8451822996139526,1.850000023841858,1.899999976158142,1.850000023841858,1.899999976158142,90121
2015-01-29 00:00:00+00:00,1.8451822996139526,1.850000023841858,1.850000023841858,1.7999999523162842,1.7999999523162842,43718
2015-01-30 00:00:00+00:00,1.8950520753860474,1.899999976158142,1.899999976158142,1.7999999523162842,1.7999999523162842,73634
2015-02-02 00:00:00+00:00,1.944921851158142,1.9500000476837158,1.9500000476837158,1.850000023841858,1.9500000476837158,15282
2015-02-03 00:00:00+00:00,1.9947916269302368,2.0,2.0,2.0,2.0,11474
2015-02-04 00:00:00+00:00,2.0945310592651367,2.0999999046325684,2.0999999046325684,2.0999999046325684,2.0999999046325684,16204
2015-02-05 00:00:00+00:00,2.1942708492279053,2.200000047683716,2.200000047683716,2.200000047683716,2.200000047683716,20320
2015-02-06 00:00:00+00:00,2.393749952316284,2.4000000953674316,2.4000000953674316,2.299999952316284,2.3499999046325684,105112
2015-02-09 00:00:00+00:00,2.393749952316284,2.4000000953674316,2.450000047683716,2.299999952316284,2.4000000953674316,69006
2015-02-10 00:00:00+00:00,2.1942708492279053,2.200000047683716,2.5999999046325684,2.200000047683716,2.5999999046325684,91392
2015-02-11 00:00:00+00:00,2.044661283493042,2.049999952316284,2.25,2.0,2.25,111637
2015-02-12 00:00:00+00:00,2.244140625,2.25,2.25,1.899999976158142,2.0999999046325684,74747
2015-02-13 00:00:00+00:00,2.3438801765441895,2.3499999046325684,2.4000000953674316,2.200000047683716,2.4000000953674316,54363
2015-02-16 00:00:00+00:00,2.1444010734558105,2.1500000953674316,2.549999952316284,2.1500000953674316,2.4000000953674316,77264
2015-02-18 00:00:00+00:00,2.244140625,2.25,2.3499999046325684,2.1500000953674316,2.3499999046325684,37484
2015-02-19 00:00:00+00:00,2.044661283493042,2.049999952316284,2.3499999046325684,2.049999952316284,2.3499999046325684,166916
2015-02-20 00:00:00+00:00,2.0945310592651367,2.0999999046325684,2.200000047683716,2.0,2.1500000953674316,83592
2015-02-23 00:00:00+00:00,2.244140625,2.25,2.299999952316284,1.899999976158142,1.9500000476837158,69691
2015-02-24 00:00:00+00:00,2.0945310592651367,2.0999999046325684,2.299999952316284,2.0999999046325684,2.200000047683716,54620
2015-02-25 00:00:00+00:00,2.1444010734558105,2.1500000953674316,2.25,2.0,2.0,82882
2015-02-26 00:00:00+00:00,2.1444010734558105,2.1500000953674316,2.299999952316284,2.0999999046325684,2.299999952316284,92985
2015-02-27 00:00:00+00:00,2.244140625,2.25,2.299999952316284,2.0999999046325684,2.0999999046325684,40541
2015-03-02 00:00:00+00:00,2.044661283493042,2.049999952316284,2.25,2.049999952316284,2.25,66332
2015-03-03 00:00:00+00:00,2.044661283493042,2.049999952316284,2.0999999046325684,2.0,2.0999999046325684,85962
2015-03-04 00:00:00+00:00,2.0945310592651367,2.0999999046325684,2.1500000953674316,2.049999952316284,2.1500000953674316,41744
2015-03-05 00:00:00+00:00,1.9947916269302368,2.0,2.200000047683716,2.0,2.1500000953674316,79256
2015-03-09 00:00:00+00:00,1.9947916269302368,2.0,2.049999952316284,1.9500000476837158,2.0,38546
2015-03-10 00:00:00+00:00,1.8950520753860474,1.899999976158142,2.1500000953674316,1.850000023841858,1.9500000476837158,99638
2015-03-11 00:00:00+00:00,1.8451822996139526,1.850000023841858,1.899999976158142,1.7999999523162842,1.899999976158142,58339
2015-03-12 00:00:00+00:00,1.8950520753860474,1.899999976158142,2.0,1.7999999523162842,1.7999999523162842,27926
2015-03-13 00:00:00+00:00,1.944921851158142,1.9500000476837158,2.0,1.7999999523162842,1.899999976158142,62694
2015-03-16 00:00:00+00:00,1.8451822996139526,1.850000023841858,2.0999999046325684,1.850000023841858,2.0999999046325684,33962
2015-03-17 00:00:00+00:00,1.8451822996139526,1.850000023841858,1.9500000476837158,1.7999999523162842,1.9500000476837158,115240
2015-03-18 00:00:00+00:00,1.8950520753860474,1.899999976158142,2.0,1.7999999523162842,1.9500000476837158,71205
2015-03-19 00:00:00+00:00,1.7953124046325684,1.7999999523162842,2.0999999046325684,1.7999999523162842,2.0999999046325684,56863
2015-03-20 00:00:00+00:00,1.7454426288604736,1.75,1.899999976158142,1.649999976158142,1.7999999523162842,114127
2015-03-23 00:00:00+00:00,1.7454426288604736,1.75,2.0,1.649999976158142,2.0,197985
2015-03-24 00:00:00+00:00,1.6955729722976685,1.7000000476837158,1.75,1.649999976158142,1.7000000476837158,30358
2015-03-25 00:00:00+00:00,1.5958333015441895,1.600000023841858,1.75,1.600000023841858,1.600000023841858,142296
2015-03-26 00:00:00+00:00,1.49609375,1.5,1.7000000476837158,1.4500000476837158,1.4500000476837158,25097
2015-03-27 00:00:00+00:00,1.49609375,1.5,1.7999999523162842,1.5,1.7999999523162842,30244
2015-03-30 00:00:00+00:00,1.7454426288604736,1.75,1.75,1.2999999523162842,1.7000000476837158,159178
2015-03-31 00:00:00+00:00,1.8950520753860474,1.899999976158142,2.0,1.7999999523162842,2.0,40841
2015-04-01 00:00:00+00:00,1.7953124046325684,1.7999999523162842,2.1500000953674316,1.649999976158142,2.1500000953674316,45083
2015-04-06 00:00:00+00:00,1.8950520753860474,1.899999976158142,2.0,1.75,2.0,12224
2015-04-07 00:00:00+00:00,1.7953124046325684,1.7999999523162842,2.049999952316284,1.75,2.049999952316284,50523
2015-04-08 00:00:00+00:00,1.8950520753860474,1.899999976158142,2.0,1.75,1.9500000476837158,111473
2015-04-09 00:00:00+00:00,1.8950520753860474,1.899999976158142,2.049999952316284,1.7999999523162842,2.049999952316284,34832
2015-04-10 00:00:00+00:00,1.9947916269302368,2.0,2.049999952316284,1.899999976158142,1.899999976158142,32996
2015-04-13 00:00:00+00:00,1.8950520753860474,1.899999976158142,2.0999999046325684,1.899999976158142,2.049999952316284,17615
2015-04-15 00:00:00+00:00,2.0945310592651367,2.0999999046325684,2.0999999046325684,1.899999976158142,2.0,107678
2015-04-16 00:00:00+00:00,2.4934895038604736,2.5,2.5,2.299999952316284,2.5,508465
2015-04-17 00:00:00+00:00,2.9921875,3.0,3.0,2.700000047683716,2.799999952316284,383484
2015-04-20 00:00:00+00:00,3.2914061546325684,3.299999952316284,3.299999952316284,3.200000047683716,3.299999952316284,623686
2015-04-21 00:00:00+00:00,2.9921875,3.0,3.549999952316284,3.0,3.549999952316284,630585
2015-04-22 00:00:00+00:00,2.6929688453674316,2.700000047683716,3.0999999046325684,2.700000047683716,3.0999999046325684,74549
2015-04-23 00:00:00+00:00,2.9423177242279053,2.950000047683716,2.950000047683716,2.450000047683716,2.450000047683716,286844
2015-04-24 00:00:00+00:00,2.792708158493042,2.799999952316284,3.200000047683716,2.799999952316284,3.0,315817
2015-04-27 00:00:00+00:00,2.593229055404663,2.5999999046325684,2.9000000953674316,2.5999999046325684,2.75,62596
2015-04-28 00:00:00+00:00,2.7428383827209473,2.75,2.8499999046325684,2.549999952316284,2.549999952316284,67951
2015-04-29 00:00:00+00:00,2.643099069595337,2.6500000953674316,3.0,2.5999999046325684,2.8499999046325684,61126
2015-04-30 00:00:00+00:00,2.5433592796325684,2.549999952316284,2.700000047683716,2.4000000953674316,2.450000047683716,95551
2015-05-04 00:00:00+00:00,2.5433592796325684,2.549999952316284,2.700000047683716,2.5,2.700000047683716,36466
2015-05-05 00:00:00+00:00,2.643099069595337,2.6500000953674316,2.700000047683716,2.5,2.6500000953674316,45824
2015-05-06 00:00:00+00:00,2.443619728088379,2.450000047683716,2.8499999046325684,2.4000000953674316,2.8499999046325684,138263
2015-05-07 00:00:00+00:00,2.443619728088379,2.450000047683716,2.5,2.3499999046325684,2.4000000953674316,54039
2015-05-08 00:00:00+00:00,2.2940104007720947,2.299999952316284,2.549999952316284,2.299999952316284,2.549999952316284,176881
2015-05-11 00:00:00+00:00,2.393749952316284,2.4000000953674316,2.450000047683716,2.200000047683716,2.4000000953674316,90955
2015-05-12 00:00:00+00:00,2.3438801765441895,2.3499999046325684,2.5,2.200000047683716,2.5,98446
2015-05-13 00:00:00+00:00,2.3438801765441895,2.3499999046325684,2.4000000953674316,2.25,2.4000000953674316,27985
2015-05-14 00:00:00+00:00,2.2940104007720947,2.299999952316284,2.4000000953674316,2.25,2.4000000953674316,60981
2015-05-15 00:00:00+00:00,2.4934895038604736,2.5,2.5,2.25,2.450000047683716,132124
2015-05-18 00:00:00+00:00,2.7428383827209473,2.75,2.75,2.450000047683716,2.5999999046325684,84019
2015-05-19 00:00:00+00:00,2.593229055404663,2.5999999046325684,2.9000000953674316,2.549999952316284,2.799999952316284,23381
2015-05-20 00:00:00+00:00,2.593229055404663,2.5999999046325684,2.799999952316284,2.5999999046325684,2.799999952316284,22004
2015-05-21 00:00:00+00:00,2.4934895038604736,2.5,2.75,2.3499999046325684,2.75,60153
2015-05-22 00:00:00+00:00,2.2940104007720947,2.299999952316284,2.6500000953674316,2.299999952316284,2.6500000953674316,105416
2015-05-25 00:00:00+00:00,2.3438801765441895,2.3499999046325684,2.5,2.200000047683716,2.200000047683716,31633
2015-05-26 00:00:00+00:00,2.3438801765441895,2.3499999046325684,2.5,2.3499999046325684,2.5,21144
2015-05-27 00:00:00+00:00,2.393749952316284,2.4000000953674316,2.5,2.299999952316284,2.450000047683716,10482
2015-05-28 00:00:00+00:00,2.3438801765441895,2.3499999046325684,2.5,2.299999952316284,2.3499999046325684,40004
2015-05-29 00:00:00+00:00,2.393749952316284,2.4000000953674316,2.450000047683716,2.299999952316284,2.3499999046325684,42597
2015-06-01 00:00:00+00:00,2.1942708492279053,2.200000047683716,2.5,2.200000047683716,2.299999952316284,84624
2015-06-02 00:00:00+00:00,1.9947916269302368,2.0,2.0,2.0,2.0,64525
2015-06-03 00:00:00+00:00,1.944921851158142,1.9500000476837158,2.0999999046325684,1.7999999523162842,1.7999999523162842,580740
2015-06-04 00:00:00+00:00,1.9947916269302368,2.0,2.0,1.899999976158142,2.0,158263
2015-06-05 00:00:00+00:00,1.944921851158142,1.9500000476837158,2.0,1.899999976158142,1.9500000476837158,47232
2015-06-08 00:00:00+00:00,1.8950520753860474,1.899999976158142,2.0,1.899999976158142,1.9500000476837158,50351
2015-06-09 00:00:00+00:00,1.8451822996139526,1.850000023841858,1.850000023841858,1.850000023841858,1.850000023841858,62531
2015-06-10 00:00:00+00:00,1.8451822996139526,1.850000023841858,1.899999976158142,1.7999999523162842,1.850000023841858,69861
2015-06-11 00:00:00+00:00,1.7953124046325684,1.7999999523162842,1.899999976158142,1.7999999523162842,1.899999976158142,124920
2015-06-12 00:00:00+00:00,1.7454426288604736,1.75,1.7999999523162842,1.75,1.7999999523162842,27157
2015-06-15 00:00:00+00:00,1.6955729722976685,1.7000000476837158,1.75,1.7000000476837158,1.75,52058
2015-06-16 00:00:00+00:00,1.7454426288604736,1.75,1.75,1.649999976158142,1.649999976158142,76553
2015-06-17 00:00:00+00:00,1.7953124046325684,1.7999999523162842,1.7999999523162842,1.7999999523162842,1.7999999523162842,5473
2015-06-18 00:00:00+00:00,1.8451822996139526,1.850000023841858,1.850000023841858,1.850000023841858,1.850000023841858,24237
2015-06-19 00:00:00+00:00,1.8950520753860474,1.899999976158142,1.899999976158142,1.850000023841858,1.899999976158142,40505
2015-06-22 00:00:00+00:00,1.944921851158142,1.9500000476837158,1.9500000476837158,1.899999976158142,1.9500000476837158,82224
2015-06-23 00:00:00+00:00,1.9947916269302368,2.0,2.0,1.899999976158142,2.0,114909
2015-06-24 00:00:00+00:00,2.044661283493042,2.049999952316284,2.0999999046325684,2.0,2.0,99669
2015-06-25 00:00:00+00:00,1.944921851158142,1.9500000476837158,2.0999999046325684,1.9500000476837158,2.0,73090
2015-06-26 00:00:00+00:00,1.944921851158142,1.9500000476837158,2.0,1.9500000476837158,2.0,21907
2015-06-29 00:00:00+00:00,1.8950520753860474,1.899999976158142,1.899999976158142,1.899999976158142,1.899999976158142,21450
2015-06-30 00:00:00+00:00,1.8950520753860474,1.899999976158142,1.9500000476837158,1.850000023841858,1.9500000476837158,60634
2015-07-01 00:00:00+00:00,1.8950520753860474,1.899999976158142,1.899999976158142,1.850000023841858,1.899999976158142,65996
2015-07-02 00:00:00+00:00,1.8950520753860474,1.899999976158142,1.9500000476837158,1.850000023841858,1.9500000476837158,75790
2015-07-03 00:00:00+00:00,2.044661283493042,2.049999952316284,2.049999952316284,1.899999976158142,2.0,74996
2015-07-06 00:00:00+00:00,2.0945310592651367,2.0999999046325684,2.1500000953674316,1.9500000476837158,1.9500000476837158,58722
2015-07-07 00:00:00+00:00,2.2940104007720947,2.299999952316284,2.299999952316284,2.0999999046325684,2.0999999046325684,73846
2015-07-08 00:00:00+00:00,2.1444010734558105,2.1500000953674316,2.3499999046325684,2.0999999046325684,2.299999952316284,104066
2015-07-09 00:00:00+00:00,2.0945310592651367,2.0999999046325684,2.25,1.9500000476837158,2.1500000953674316,132155
2015-07-10 00:00:00+00:00,2.044661283493042,2.049999952316284,2.1500000953674316,2.0,2.1500000953674316,62926
2015-07-13 00:00:00+00:00,2.0945310592651367,2.0999999046325684,2.200000047683716,1.9500000476837158,1.9500000476837158,25696
2015-07-14 00:00:00+00:00,2.044661283493042,2.049999952316284,2.0999999046325684,1.9500000476837158,2.0999999046325684,12050
2015-07-15 00:00:00+00:00,1.9947916269302368,2.0,2.0999999046325684,2.0,2.0999999046325684,53558
2015-07-16 00:00:00+00:00,2.044661283493042,2.049999952316284,2.0999999046325684,2.0,2.0,56261
2015-07-17 00:00:00+00:00,2.044661283493042,2.049999952316284,2.1500000953674316,1.9500000476837158,2.049999952316284,55271
2015-07-20 00:00:00+00:00,2.0945310592651367,2.0999999046325684,2.25,2.049999952316284,2.1500000953674316,257143
2015-07-21 00:00:00+00:00,2.044661283493042,2.049999952316284,2.25,2.0,2.0999999046325684,122705
2015-07-22 00:00:00+00:00,1.9947916269302368,2.0,2.0999999046325684,1.9500000476837158,2.0999999046325684,61260
2015-07-23 00:00:00+00:00,1.9947916269302368,2.0,2.0999999046325684,2.0,2.049999952316284,26079
2015-07-24 00:00:00+00:00,2.044661283493042,2.049999952316284,2.049999952316284,1.899999976158142,1.899999976158142,97972
2015-07-27 00:00:00+00:00,1.9947916269302368,2.0,2.0,1.9500000476837158,2.0,16378
2015-07-28 00:00:00+00:00,2.044661283493042,2.049999952316284,2.049999952316284,1.899999976158142,2.0,166779
2015-07-29 00:00:00+00:00,1.944921851158142,1.9500000476837158,2.049999952316284,1.899999976158142,1.9500000476837158,206232
2015-07-30 00:00:00+00:00,1.9947916269302368,2.0,2.0,1.899999976158142,2.0,83710
2015-07-31 00:00:00+00:00,1.8950520753860474,1.899999976158142,2.049999952316284,1.899999976158142,2.0,110647
2015-08-03 00:00:00+00:00,1.9947916269302368,2.0,2.0,1.899999976158142,2.0,73537
2015-08-04 00:00:00+00:00,1.9947916269302368,2.0,2.049999952316284,1.850000023841858,1.899999976158142,136815
2015-08-05 00:00:00+00:00,2.1444010734558105,2.1500000953674316,2.200000047683716,1.9500000476837158,2.0,148725
2015-08-06 00:00:00+00:00,2.0945310592651367,2.0999999046325684,2.3499999046325684,2.0999999046325684,2.25,133894
2015-08-07 00:00:00+00:00,2.393749952316284,2.4000000953674316,2.4000000953674316,2.049999952316284,2.049999952316284,191362
2015-08-10 00:00:00+00:00,2.8425779342651367,2.8499999046325684,2.8499999046325684,2.5,2.5,481331
2015-08-11 00:00:00+00:00,2.9423177242279053,2.950000047683716,3.3499999046325684,2.799999952316284,3.299999952316284,701701
2015-08-12 00:00:00+00:00,2.6929688453674316,2.700000047683716,3.049999952316284,2.700000047683716,3.049999952316284,232819
2015-08-13 00:00:00+00:00,2.443619728088379,2.450000047683716,2.450000047683716,2.450000047683716,2.450000047683716,52747
2015-08-14 00:00:00+00:00,2.244140625,2.25,2.25,2.25,2.25,59655
2015-08-17 00:00:00+00:00,2.1444010734558105,2.1500000953674316,2.200000047683716,2.1500000953674316,2.200000047683716,60397
2015-08-18 00:00:00+00:00,2.0945310592651367,2.0999999046325684,2.200000047683716,2.049999952316284,2.049999952316284,412323
2015-08-19 00:00:00+00:00,2.1444010734558105,2.1500000953674316,2.200000047683716,2.049999952316284,2.1500000953674316,300464
2015-08-20 00:00:00+00:00,2.044661283493042,2.049999952316284,2.200000047683716,2.049999952316284,2.200000047683716,422864
2015-08-21 00:00:00+00:00,1.944921851158142,1.9500000476837158,1.9500000476837158,1.9500000476837158,1.9500000476837158,137910
2015-08-24 00:00:00+00:00,1.8950520753860474,1.899999976158142,1.899999976158142,1.899999976158142,1.899999976158142,40031
2015-08-25 00:00:00+00:00,1.8451822996139526,1.850000023841858,1.850000023841858,1.850000023841858,1.850000023841858,47973
2015-08-26 00:00:00+00:00,1.8950520753860474,1.899999976158142,1.899999976158142,1.7999999523162842,1.7999999523162842,113344
2015-08-27 00:00:00+00:00,1.944921851158142,1.9500000476837158,1.9500000476837158,1.899999976158142,1.9500000476837158,79465
2015-08-28 00:00:00+00:00,1.9947916269302368,2.0,2.0,1.899999976158142,2.0,302923
2015-08-31 00:00:00+00:00,2.044661283493042,2.049999952316284,2.0999999046325684,2.0,2.0999999046325684,67796
2015-09-01 00:00:00+00:00,1.944921851158142,1.9500000476837158,2.0,1.9500000476837158,2.0,32500
2015-09-02 00:00:00+00:00,1.8950520753860474,1.899999976158142,1.899999976158142,1.899999976158142,1.899999976158142,40382
2015-09-03 00:00:00+00:00,1.8950520753860474,1.899999976158142,1.899999976158142,1.850000023841858,1.850000023841858,88787
2015-09-04 00:00:00+00:00,1.8950520753860474,1.899999976158142,1.9500000476837158,1.75,1.7999999523162842,88710
2015-09-07 00:00:00+00:00,1.7953124046325684,1.7999999523162842,1.9500000476837158,1.75,1.850000023841858,81553
2015-09-08 00:00:00+00:00,1.6955729722976685,1.7000000476837158,1.7999999523162842,1.7000000476837158,1.7999999523162842,31551
2015-09-09 00:00:00+00:00,1.8451822996139526,1.850000023841858,1.850000023841858,1.75,1.7999999523162842,45072
2015-09-10 00:00:00+00:00,1.9947916269302368,2.0,2.0,1.75,1.75,99938
2015-09-11 00:00:00+00:00,1.944921851158142,1.9500000476837158,2.0999999046325684,1.899999976158142,2.0999999046325684,23702
2015-09-14 00:00:00+00:00,1.8950520753860474,1.899999976158142,2.0,1.850000023841858,2.0,78350
2015-09-15 00:00:00+00:00,1.9947916269302368,2.0,2.049999952316284,1.899999976158142,2.0,54013
2015-09-16 00:00:00+00:00,1.944921851158142,1.9500000476837158,2.049999952316284,1.899999976158142,2.049999952316284,46992
2015-09-18 00:00:00+00:00,1.944921851158142,1.9500000476837158,2.049999952316284,1.9500000476837158,2.049999952316284,24576
2015-09-21 00:00:00+00:00,1.8950520753860474,1.899999976158142,2.0,1.899999976158142,2.0,41301
2015-09-22 00:00:00+00:00,1.8950520753860474,1.899999976158142,2.0,1.899999976158142,2.0,19495
2015-09-23 00:00:00+00:00,1.8950520753860474,1.899999976158142,1.9500000476837158,1.75,1.9500000476837158,41051
2015-09-24 00:00:00+00:00,1.8950520753860474,1.899999976158142,1.9500000476837158,1.7999999523162842,1.7999999523162842,28600
2015-09-28 00:00:00+00:00,1.8451822996139526,1.850000023841858,2.0,1.7999999523162842,2.0,68236
2015-09-29 00:00:00+00:00,1.8950520753860474,1.899999976158142,1.899999976158142,1.850000023841858,1.850000023841858,29270
2015-09-30 00:00:00+00:00,1.8451822996139526,1.850000023841858,2.0,1.7999999523162842,1.850000023841858,153101
2015-10-01 00:00:00+00:00,1.944921851158142,1.9500000476837158,2.0,1.850000023841858,1.899999976158142,63445
2015-10-05 00:00:00+00:00,1.9947916269302368,2.0,2.0,1.899999976158142,1.9500000476837158,76930
2015-10-06 00:00:00+00:00,2.044661283493042,2.049999952316284,2.0999999046325684,1.9500000476837158,2.0,94450
2015-10-07 00:00:00+00:00,2.1444010734558105,2.1500000953674316,2.200000047683716,2.0,2.0,35796
2015-10-08 00:00:00+00:00,2.2940104007720947,2.299999952316284,2.4000000953674316,2.1500000953674316,2.1500000953674316,82499
2015-10-09 00:00:00+00:00,2.2940104007720947,2.299999952316284,2.5,2.25,2.5,82182
2015-10-12 00:00:00+00:00,2.244140625,2.25,2.450000047683716,2.049999952316284,2.450000047683716,40382
2015-10-13 00:00:00+00:00,2.0945310592651367,2.0999999046325684,2.450000047683716,2.0999999046325684,2.450000047683716,35020
2015-10-14 00:00:00+00:00,2.1942708492279053,2.200000047683716,2.299999952316284,2.0999999046325684,2.299999952316284,105600
2015-10-15 00:00:00+00:00,2.0945310592651367,2.0999999046325684,2.200000047683716,2.0999999046325684,2.1500000953674316,43311
2015-10-16 00:00:00+00:00,2.044661283493042,2.049999952316284,2.200000047683716,2.049999952316284,2.200000047683716,35351
2015-10-19 00:00:00+00:00,1.944921851158142,1.9500000476837158,2.1500000953674316,1.9500000476837158,2.1500000953674316,124668
2015-10-20 00:00:00+00:00,1.944921851158142,1.9500000476837158,2.0,1.899999976158142,1.899999976158142,70455
2015-10-21 00:00:00+00:00,1.944921851158142,1.9500000476837158,2.0999999046325684,1.899999976158142,1.899999976158142,62526
2015-10-23 00:00:00+00:00,1.9947916269302368,2.0,2.0,1.9500000476837158,2.0,10455
2015-10-26 00:00:00+00:00,1.9947916269302368,2.0,2.049999952316284,1.899999976158142,2.0,89906
2015-10-27 00:00:00+00:00,1.9947916269302368,2.0,2.0999999046325684,1.9500000476837158,2.0,31994
2015-10-28 00:00:00+00:00,1.9947916269302368,2.0,2.0999999046325684,1.9500000476837158,1.9500000476837158,109802
2015-10-29 00:00:00+00:00,2.044661283493042,2.049999952316284,2.049999952316284,1.9500000476837158,2.0,51146
2015-10-30 00:00:00+00:00,1.9947916269302368,2.0,2.049999952316284,1.9500000476837158,2.049999952316284,43278
2015-11-02 00:00:00+00:00,1.944921851158142,1.9500000476837158,2.0,1.899999976158142,2.0,43960
2015-11-03 00:00:00+00:00,1.944921851158142,1.9500000476837158,2.0999999046325684,1.9500000476837158,1.9500000476837158,58814
2015-11-04 00:00:00+00:00,1.9947916269302368,2.0,2.049999952316284,2.0,2.049999952316284,40051
2015-11-05 00:00:00+00:00,1.9947916269302368,2.0,2.049999952316284,1.9500000476837158,2.049999952316284,34512
2015-11-06 00:00:00+00:00,1.944921851158142,1.9500000476837158,2.049999952316284,1.9500000476837158,2.049999952316284,7423
2015-11-09 00:00:00+00:00,1.944921851158142,1.9500000476837158,2.0,1.850000023841858,1.850000023841858,20600
2015-11-10 00:00:00+00:00,1.944921851158142,1.9500000476837158,2.25,1.7999999523162842,2.0,170616
2015-11-13 00:00:00+00:00,2.244140625,2.25,2.450000047683716,2.0,2.0,404508
2015-11-16 00:00:00+00:00,2.6929688453674316,2.700000047683716,2.700000047683716,2.200000047683716,2.3499999046325684,394332
2015-11-17 00:00:00+00:00,2.9423177242279053,2.950000047683716,3.0999999046325684,2.5999999046325684,2.8499999046325684,707705
2015-11-18 00:00:00+00:00,2.6929688453674316,2.700000047683716,2.9000000953674316,2.700000047683716,2.8499999046325684,216868
2015-11-19 00:00:00+00:00,2.443619728088379,2.450000047683716,2.700000047683716,2.450000047683716,2.5,136805
2015-11-20 00:00:00+00:00,2.244140625,2.25,2.5,2.25,2.299999952316284,134725
2015-11-23 00:00:00+00:00,2.3438801765441895,2.3499999046325684,2.3499999046325684,2.1500000953674316,2.1500000953674316,93453
2015-11-24 00:00:00+00:00,2.443619728088379,2.450000047683716,2.450000047683716,2.4000000953674316,2.450000047683716,16320
2015-11-26 00:00:00+00:00,2.5433592796325684,2.549999952316284,2.549999952316284,2.549999952316284,2.549999952316284,34780
2015-11-27 00:00:00+00:00,2.643099069595337,2.6500000953674316,2.6500000953674316,2.6500000953674316,2.6500000953674316,8850
2015-11-30 00:00:00+00:00,2.7428383827209473,2.75,2.75,2.75,2.75,30350
2015-12-01 00:00:00+00:00,2.7428383827209473,2.75,2.8499999046325684,2.6500000953674316,2.8499999046325684,143283
2015-12-02 00:00:00+00:00,2.8425779342651367,2.8499999046325684,2.8499999046325684,2.75,2.8499999046325684,188825
2015-12-03 00:00:00+00:00,2.9423177242279053,2.950000047683716,2.950000047683716,2.8499999046325684,2.950000047683716,135259
2015-12-04 00:00:00+00:00,3.0420572757720947,3.049999952316284,3.049999952316284,3.049999952316284,3.049999952316284,47861
2015-12-07 00:00:00+00:00,3.191666603088379,3.200000047683716,3.200000047683716,3.200000047683716,3.200000047683716,64989
2015-12-08 00:00:00+00:00,3.341275930404663,3.3499999046325684,3.3499999046325684,3.3499999046325684,3.3499999046325684,54946
2015-12-09 00:00:00+00:00,3.191666603088379,3.200000047683716,3.5,3.200000047683716,3.5,490005
2015-12-10 00:00:00+00:00,3.0420572757720947,3.049999952316284,3.299999952316284,3.049999952316284,3.299999952316284,169888
2015-12-11 00:00:00+00:00,2.9921875,3.0,3.1500000953674316,2.9000000953674316,3.049999952316284,147400
2015-12-14 00:00:00+00:00,3.141796827316284,3.1500000953674316,3.1500000953674316,2.9000000953674316,2.9000000953674316,131153
2015-12-15 00:00:00+00:00,3.2914061546325684,3.299999952316284,3.299999952316284,3.1500000953674316,3.299999952316284,116573
2015-12-16 00:00:00+00:00,3.4410157203674316,3.450000047683716,3.450000047683716,3.4000000953674316,3.450000047683716,185077
2015-12-17 00:00:00+00:00,3.5906248092651367,3.5999999046325684,3.5999999046325684,3.5999999046325684,3.5999999046325684,58389
2015-12-18 00:00:00+00:00,3.740234375,3.75,3.75,3.6500000953674316,3.75,483907
2015-12-21 00:00:00+00:00,3.889843702316284,3.9000000953674316,3.9000000953674316,3.799999952316284,3.9000000953674316,153005
2015-12-22 00:00:00+00:00,4.039453029632568,4.050000190734863,4.050000190734863,4.050000190734863,4.050000190734863,60594
2015-12-23 00:00:00+00:00,4.238932132720947,4.25,4.25,4.25,4.25,89675
2015-12-24 00:00:00+00:00,4.039453029632568,4.050000190734863,4.449999809265137,4.050000190734863,4.449999809265137,554909
2015-12-28 00:00:00+00:00,3.889843702316284,3.9000000953674316,4.0,3.8499999046325684,3.8499999046325684,619282
2015-12-29 00:00:00+00:00,4.039453029632568,4.050000190734863,4.050000190734863,3.75,3.75,172121
2015-12-30 00:00:00+00:00,4.238932132720947,4.25,4.25,4.25,4.25,46745
2015-12-31 00:00:00+00:00,4.438411235809326,4.449999809265137,4.449999809265137,4.050000190734863,4.449999809265137,383084
2016-01-01 00:00:00+00:00,4.637890815734863,4.650000095367432,4.650000095367432,4.650000095367432,4.650000095367432,98380
2016-01-04 00:00:00+00:00,4.837369441986084,4.849999904632568,4.849999904632568,4.849999904632568,4.849999904632568,47901
2016-01-05 00:00:00+00:00,5.036849021911621,5.050000190734863,5.050000190734863,5.050000190734863,5.050000190734863,101666
2016-01-06 00:00:00+00:00,4.937108993530273,4.949999809265137,5.300000190734863,4.800000190734863,5.300000190734863,647212
2016-01-07 00:00:00+00:00,5.036849021911621,5.050000190734863,5.150000095367432,4.75,4.75,169564
2016-01-08 00:00:00+00:00,5.286198139190674,5.300000190734863,5.300000190734863,5.300000190734863,5.300000190734863,68996
2016-01-11 00:00:00+00:00,5.535546779632568,5.550000190734863,5.550000190734863,5.300000190734863,5.550000190734863,142084
2016-01-12 00:00:00+00:00,5.735025882720947,5.75,5.800000190734863,5.300000190734863,5.800000190734863,306833
2016-01-13 00:00:00+00:00,5.4856767654418945,5.5,5.900000095367432,5.5,5.75,87116
2016-01-14 00:00:00+00:00,5.236328125,5.25,5.25,5.25,5.25,15898
2016-01-15 00:00:00+00:00,4.986979007720947,5.0,5.300000190734863,5.0,5.0,55095
2016-01-18 00:00:00+00:00,4.7376298904418945,4.75,4.800000190734863,4.75,4.800000190734863,26675
2016-01-19 00:00:00+00:00,4.538151264190674,4.550000190734863,4.550000190734863,4.550000190734863,4.550000190734863,14600
2016-01-20 00:00:00+00:00,4.338671684265137,4.349999904632568,4.349999904632568,4.349999904632568,4.349999904632568,5963
2016-01-21 00:00:00+00:00,4.139192581176758,4.150000095367432,4.150000095367432,4.150000095367432,4.150000095367432,7357
2016-01-22 00:00:00+00:00,4.338671684265137,4.349999904632568,4.349999904632568,3.950000047683716,3.950000047683716,220748
2016-01-25 00:00:00+00:00,4.538151264190674,4.550000190734863,4.550000190734863,4.400000095367432,4.550000190734863,119157
2016-01-27 00:00:00+00:00,4.7376298904418945,4.75,4.75,4.550000190734863,4.75,199893
2016-01-28 00:00:00+00:00,4.937108993530273,4.949999809265137,4.949999809265137,4.949999809265137,4.949999809265137,232922
2016-01-29 00:00:00+00:00,5.086718559265137,5.099999904632568,5.150000095367432,5.0,5.150000095367432,192096
2016-02-01 00:00:00+00:00,5.086718559265137,5.099999904632568,5.349999904632568,4.900000095367432,5.349999904632568,314435
2016-02-02 00:00:00+00:00,4.837369441986084,4.849999904632568,5.25,4.849999904632568,5.150000095367432,162653
2016-02-03 00:00:00+00:00,4.637890815734863,4.650000095367432,4.650000095367432,4.650000095367432,4.650000095367432,35410
2016-02-04 00:00:00+00:00,4.438411235809326,4.449999809265137,4.849999904632568,4.449999809265137,4.449999809265137,152666
2016-02-05 00:00:00+00:00,4.238932132720947,4.25,4.5,4.25,4.25,71597
2016-02-08 00:00:00+00:00,4.039453029632568,4.050000190734863,4.400000095367432,4.050000190734863,4.400000095367432,64124
2016-02-09 00:00:00+00:00,3.9895832538604736,4.0,4.050000190734863,3.8499999046325684,3.950000047683716,135732
2016-02-10 00:00:00+00:00,3.9895832538604736,4.0,4.150000095367432,3.8499999046325684,4.0,184076
2016-02-11 00:00:00+00:00,3.7901041507720947,3.799999952316284,4.050000190734863,3.799999952316284,3.9000000953674316,60888
2016-02-12 00:00:00+00:00,3.6404948234558105,3.6500000953674316,3.6500000953674316,3.6500000953674316,3.6500000953674316,18701
2016-02-15 00:00:00+00:00,3.4908852577209473,3.5,3.75,3.5,3.5,209683
2016-02-16 00:00:00+00:00,3.341275930404663,3.3499999046325684,3.6500000953674316,3.3499999046325684,3.6500000953674316,200999
2016-02-17 00:00:00+00:00,3.191666603088379,3.200000047683716,3.25,3.200000047683716,3.200000047683716,76425
2016-02-18 00:00:00+00:00,3.2914061546325684,3.299999952316284,3.3499999046325684,3.049999952316284,3.3499999046325684,390340
2016-02-19 00:00:00+00:00,3.4410157203674316,3.450000047683716,3.450000047683716,3.3499999046325684,3.450000047683716,108708
2016-02-22 00:00:00+00:00,3.540755033493042,3.549999952316284,3.5999999046325684,3.3499999046325684,3.5999999046325684,178029
2016-02-23 00:00:00+00:00,3.540755033493042,3.549999952316284,3.6500000953674316,3.450000047683716,3.5999999046325684,134690
2016-02-24 00:00:00+00:00,3.391145944595337,3.4000000953674316,3.5999999046325684,3.4000000953674316,3.4000000953674316,119702
2016-02-25 00:00:00+00:00,3.2415363788604736,3.25,3.3499999046325684,3.25,3.25,45294
2016-02-26 00:00:00+00:00,3.341275930404663,3.3499999046325684,3.4000000953674316,3.0999999046325684,3.0999999046325684,296286
2016-02-29 00:00:00+00:00,3.4410157203674316,3.450000047683716,3.450000047683716,3.200000047683716,3.450000047683716,214409
2016-03-01 00:00:00+00:00,3.4908852577209473,3.5,3.549999952316284,3.3499999046325684,3.5,136531
2016-03-02 00:00:00+00:00,3.5906248092651367,3.5999999046325684,3.6500000953674316,3.5,3.5999999046325684,160564
2016-03-03 00:00:00+00:00,3.740234375,3.75,3.75,3.5999999046325684,3.700000047683716,165696
2016-03-04 00:00:00+00:00,4.089322566986084,4.099999904632568,4.099999904632568,4.0,4.050000190734863,113875
2016-03-08 00:00:00+00:00,4.48828125,4.5,4.5,4.349999904632568,4.400000095367432,78434
2016-03-09 00:00:00+00:00,4.937108993530273,4.949999809265137,4.949999809265137,4.75,4.949999809265137,375581
2016-03-10 00:00:00+00:00,5.1365885734558105,5.150000095367432,5.150000095367432,5.150000095367432,5.150000095367432,46125
2016-03-11 00:00:00+00:00,5.385937690734863,5.400000095367432,5.400000095367432,4.900000095367432,5.400000095367432,575220
2016-03-14 00:00:00+00:00,5.635286331176758,5.650000095367432,5.650000095367432,5.650000095367432,5.650000095367432,66544
2016-03-15 00:00:00+00:00,5.8846354484558105,5.900000095367432,5.900000095367432,5.550000190734863,5.900000095367432,1371802
2016-03-16 00:00:00+00:00,6.0841145515441895,6.099999904632568,6.150000095367432,5.650000095367432,6.099999904632568,1020159
2016-03-17 00:00:00+00:00,6.383333206176758,6.400000095367432,6.400000095367432,6.400000095367432,6.400000095367432,300175
2016-03-18 00:00:00+00:00,6.682551860809326,6.699999809265137,6.699999809265137,6.699999809265137,6.699999809265137,187914
2016-03-21 00:00:00+00:00,6.383333206176758,6.400000095367432,7.0,6.400000095367432,7.0,1296828
2016-03-22 00:00:00+00:00,6.0841145515441895,6.099999904632568,6.400000095367432,6.099999904632568,6.25,754920
2016-03-23 00:00:00+00:00,5.784895896911621,5.800000190734863,6.300000190734863,5.800000190734863,5.949999809265137,611528
2016-03-28 00:00:00+00:00,5.535546779632568,5.550000190734863,5.949999809265137,5.550000190734863,5.949999809265137,481281
2016-03-29 00:00:00+00:00,5.784895896911621,5.800000190734863,5.800000190734863,5.300000190734863,5.800000190734863,1076069
2016-03-30 00:00:00+00:00,6.034245014190674,6.050000190734863,6.050000190734863,5.900000095367432,6.050000190734863,371716
2016-03-31 00:00:00+00:00,6.0841145515441895,6.099999904632568,6.349999904632568,5.800000190734863,6.150000095367432,525761
2016-04-01 00:00:00+00:00,6.0841145515441895,6.099999904632568,6.349999904632568,5.900000095367432,6.099999904632568,331851
2016-04-04 00:00:00+00:00,5.984375,6.0,6.300000190734863,5.800000190734863,6.300000190734863,253161
2016-04-05 00:00:00+00:00,5.834765434265137,5.849999904632568,6.300000190734863,5.75,6.050000190734863,398870
2016-04-06 00:00:00+00:00,5.8846354484558105,5.900000095367432,6.0,5.75,6.0,128861
2016-04-07 00:00:00+00:00,5.735025882720947,5.75,6.050000190734863,5.650000095367432,6.050000190734863,129867
2016-04-08 00:00:00+00:00,5.4856767654418945,5.5,5.849999904632568,5.5,5.650000095367432,217167
2016-04-11 00:00:00+00:00,5.735025882720947,5.75,5.75,5.25,5.5,302371
2016-04-12 00:00:00+00:00,5.984375,6.0,6.0,5.949999809265137,6.0,107857
2016-04-13 00:00:00+00:00,6.2337236404418945,6.25,6.300000190734863,6.150000095367432,6.25,468057
2016-04-18 00:00:00+00:00,6.0841145515441895,6.099999904632568,6.400000095367432,5.949999809265137,6.400000095367432,261234
2016-04-20 00:00:00+00:00,5.8846354484558105,5.900000095367432,6.25,5.849999904632568,5.849999904632568,81607
2016-04-21 00:00:00+00:00,5.685155868530273,5.699999809265137,6.050000190734863,5.650000095367432,6.0,285549
2016-04-22 00:00:00+00:00,5.934504985809326,5.949999809265137,5.949999809265137,5.550000190734863,5.650000095367432,248650
2016-04-25 00:00:00+00:00,6.183853626251221,6.199999809265137,6.199999809265137,5.849999904632568,6.150000095367432,234854
2016-04-26 00:00:00+00:00,6.483072757720947,6.5,6.5,6.050000190734863,6.400000095367432,324680
2016-04-27 00:00:00+00:00,6.682551860809326,6.699999809265137,6.800000190734863,6.599999904632568,6.599999904632568,389541
2016-04-28 00:00:00+00:00,6.9817705154418945,7.0,7.0,6.599999904632568,6.900000095367432,920375
2016-04-29 00:00:00+00:00,7.081510066986084,7.099999904632568,7.349999904632568,6.650000095367432,7.0,1643194
2016-05-02 00:00:00+00:00,7.3807291984558105,7.400000095367432,7.449999809265137,7.099999904632568,7.099999904632568,1514407
2016-05-03 00:00:00+00:00,7.081510066986084,7.099999904632568,7.550000190734863,7.050000190734863,7.25,1763956
2016-05-04 00:00:00+00:00,7.181249618530273,7.199999809265137,7.349999904632568,6.949999809265137,7.150000095367432,285781
2016-05-05 00:00:00+00:00,6.8321614265441895,6.849999904632568,7.349999904632568,6.849999904632568,7.349999904632568,1539757
2016-05-06 00:00:00+00:00,6.6326823234558105,6.650000095367432,6.849999904632568,6.550000190734863,6.550000190734863,187312
2016-05-09 00:00:00+00:00,6.383333206176758,6.400000095367432,6.699999809265137,6.349999904632568,6.699999809265137,782737
2016-05-10 00:00:00+00:00,6.682551860809326,6.699999809265137,6.699999809265137,6.449999809265137,6.599999904632568,165368
2016-05-11 00:00:00+00:00,6.682551860809326,6.699999809265137,7.0,6.550000190734863,6.900000095367432,314797
2016-05-12 00:00:00+00:00,6.532942771911621,6.550000190734863,6.800000190734863,6.400000095367432,6.5,178929
2016-05-13 00:00:00+00:00,6.333463191986084,6.349999904632568,6.75,6.25,6.75,283443
2016-05-16 00:00:00+00:00,6.2337236404418945,6.25,6.550000190734863,6.050000190734863,6.050000190734863,174262
2016-05-17 00:00:00+00:00,6.333463191986084,6.349999904632568,6.550000190734863,6.050000190734863,6.150000095367432,200534
2016-05-18 00:00:00+00:00,6.2337236404418945,6.25,6.400000095367432,6.099999904632568,6.300000190734863,129209
2016-05-19 00:00:00+00:00,5.934504985809326,5.949999809265137,6.099999904632568,5.949999809265137,6.0,299067
2016-05-20 00:00:00+00:00,6.183853626251221,6.199999809265137,6.199999809265137,5.699999809265137,5.900000095367432,163799
2016-05-23 00:00:00+00:00,6.283593654632568,6.300000190734863,6.449999809265137,6.050000190734863,6.300000190734863,169022
2016-05-24 00:00:00+00:00,5.984375,6.0,6.300000190734863,6.0,6.199999809265137,82225
2016-05-25 00:00:00+00:00,5.934504985809326,5.949999809265137,6.25,5.849999904632568,6.25,411602
2016-05-26 00:00:00+00:00,5.784895896911621,5.800000190734863,6.0,5.75,5.75,234982
2016-05-27 00:00:00+00:00,5.784895896911621,5.800000190734863,5.900000095367432,5.550000190734863,5.550000190734863,211549
2016-05-30 00:00:00+00:00,5.735025882720947,5.75,6.0,5.550000190734863,5.550000190734863,39166
2016-05-31 00:00:00+00:00,5.984375,6.0,6.0,5.800000190734863,6.0,436544
2016-06-01 00:00:00+00:00,6.283593654632568,6.300000190734863,6.300000190734863,6.150000095367432,6.300000190734863,247664
2016-06-02 00:00:00+00:00,6.582812309265137,6.599999904632568,6.599999904632568,6.400000095367432,6.550000190734863,215872
2016-06-03 00:00:00+00:00,6.283593654632568,6.300000190734863,6.849999904632568,6.300000190734863,6.849999904632568,149511
2016-06-06 00:00:00+00:00,6.183853626251221,6.199999809265137,6.550000190734863,6.0,6.550000190734863,310080
2016-06-07 00:00:00+00:00,6.034245014190674,6.050000190734863,6.349999904632568,6.0,6.0,46038
2016-06-08 00:00:00+00:00,6.183853626251221,6.199999809265137,6.300000190734863,6.0,6.0,245313
2016-06-09 00:00:00+00:00,6.034245014190674,6.050000190734863,6.150000095367432,5.900000095367432,6.050000190734863,29427
2016-06-10 00:00:00+00:00,5.834765434265137,5.849999904632568,6.150000095367432,5.800000190734863,6.099999904632568,471488
2016-06-13 00:00:00+00:00,5.685155868530273,5.699999809265137,6.0,5.599999904632568,5.599999904632568,295737
2016-06-14 00:00:00+00:00,5.4856767654418945,5.5,5.900000095367432,5.449999809265137,5.900000095367432,538448
2016-06-15 00:00:00+00:00,5.735025882720947,5.75,5.75,5.449999809265137,5.5,123870
2016-06-16 00:00:00+00:00,5.784895896911621,5.800000190734863,6.0,5.550000190734863,6.0,528990
2016-06-17 00:00:00+00:00,5.834765434265137,5.849999904632568,5.949999809265137,5.75,5.800000190734863,157111
2016-06-20 00:00:00+00:00,5.934504985809326,5.949999809265137,6.099999904632568,5.800000190734863,5.900000095367432,361331
2016-06-21 00:00:00+00:00,5.8846354484558105,5.900000095367432,6.099999904632568,5.800000190734863,6.099999904632568,35116
2016-06-22 00:00:00+00:00,5.635286331176758,5.650000095367432,6.150000095367432,5.650000095367432,6.150000095367432,307211
2016-06-23 00:00:00+00:00,5.4856767654418945,5.5,5.699999809265137,5.449999809265137,5.699999809265137,212719
2016-06-24 00:00:00+00:00,5.585416316986084,5.599999904632568,5.650000095367432,5.25,5.650000095367432,167629
2016-06-27 00:00:00+00:00,5.435807228088379,5.449999809265137,5.699999809265137,5.400000095367432,5.650000095367432,153158
2016-06-28 00:00:00+00:00,5.286198139190674,5.300000190734863,5.650000095367432,5.25,5.650000095367432,393657
2016-06-29 00:00:00+00:00,5.286198139190674,5.300000190734863,5.5,5.050000190734863,5.5,456136
2016-06-30 00:00:00+00:00,5.435807228088379,5.449999809265137,5.5,5.25,5.349999904632568,378479
2016-07-01 00:00:00+00:00,5.635286331176758,5.650000095367432,5.800000190734863,5.449999809265137,5.650000095367432,231141
2016-07-04 00:00:00+00:00,5.8846354484558105,5.900000095367432,6.199999809265137,5.449999809265137,5.449999809265137,556938
2016-07-05 00:00:00+00:00,5.535546779632568,5.550000190734863,6.0,5.449999809265137,5.900000095367432,469582
2016-07-07 00:00:00+00:00,5.984375,6.0,6.099999904632568,5.5,5.550000190734863,514472
2016-07-08 00:00:00+00:00,6.333463191986084,6.349999904632568,6.599999904632568,5.599999904632568,5.75,621036
2016-07-11 00:00:00+00:00,6.882031440734863,6.900000095367432,6.949999809265137,6.5,6.5,416628
2016-07-12 00:00:00+00:00,6.732421875,6.75,7.349999904632568,6.5,7.25,371242
2016-07-13 00:00:00+00:00,6.6326823234558105,6.650000095367432,6.949999809265137,6.400000095367432,6.949999809265137,959732
2016-07-14 00:00:00+00:00,6.582812309265137,6.599999904632568,6.949999809265137,6.0,6.949999809265137,431906
2016-07-15 00:00:00+00:00,6.2337236404418945,6.25,6.400000095367432,6.0,6.0,144908
2016-07-18 00:00:00+00:00,6.433202743530273,6.449999809265137,6.75,6.199999809265137,6.449999809265137,145173
2016-07-19 00:00:00+00:00,6.433202743530273,6.449999809265137,6.699999809265137,6.400000095367432,6.699999809265137,90202
2016-07-20 00:00:00+00:00,6.333463191986084,6.349999904632568,6.599999904632568,6.300000190734863,6.449999809265137,178477
2016-07-21 00:00:00+00:00,5.934504985809326,5.949999809265137,6.449999809265137,5.800000190734863,6.25,241596
2016-07-22 00:00:00+00:00,5.934504985809326,5.949999809265137,6.199999809265137,5.699999809265137,5.699999809265137,75669
2016-07-25 00:00:00+00:00,6.483072757720947,6.5,6.5,6.050000190734863,6.050000190734863,778825
2016-07-26 00:00:00+00:00,7.131380081176758,7.150000095367432,7.150000095367432,6.650000095367432,6.849999904632568,862884
2016-07-27 00:00:00+00:00,7.530338764190674,7.550000190734863,7.650000095367432,6.849999904632568,7.099999904632568,684973
2016-07-28 00:00:00+00:00,6.931900501251221,6.949999809265137,7.900000095367432,6.900000095367432,7.599999904632568,1492316
2016-07-29 00:00:00+00:00,7.081510066986084,7.099999904632568,7.449999809265137,6.599999904632568,7.0,2149434
2016-08-01 00:00:00+00:00,7.131380081176758,7.150000095367432,7.5,7.0,7.050000190734863,1160891
2016-08-02 00:00:00+00:00,7.081510066986084,7.099999904632568,7.25,7.0,7.150000095367432,889823
2016-08-03 00:00:00+00:00,7.081510066986084,7.099999904632568,7.400000095367432,7.0,7.400000095367432,1484678
2016-08-04 00:00:00+00:00,7.081510066986084,7.099999904632568,7.349999904632568,7.050000190734863,7.349999904632568,1198970
2016-08-05 00:00:00+00:00,7.929296493530273,7.949999809265137,8.199999809265137,7.050000190734863,7.400000095367432,1292542
2016-08-08 00:00:00+00:00,8.9765625,9.0,9.149999618530273,8.0,8.350000381469727,2583334
2016-08-09 00:00:00+00:00,8.9765625,9.0,9.5,8.949999809265137,9.149999618530273,1186862
2016-08-10 00:00:00+00:00,9.275781631469727,9.300000190734863,9.699999809265137,9.0,9.100000381469727,919634
2016-08-11 00:00:00+00:00,9.475259780883789,9.5,9.699999809265137,9.25,9.5,999185
2016-08-12 00:00:00+00:00,9.624869346618652,9.649999618530273,9.75,9.199999809265137,9.600000381469727,803615
2016-08-16 00:00:00+00:00,9.225911140441895,9.25,9.399999618530273,8.149999618530273,9.25,1613768
2016-08-17 00:00:00+00:00,9.425390243530273,9.449999809265137,9.600000381469727,9.25,9.300000190734863,921143
2016-08-18 00:00:00+00:00,9.176041603088379,9.199999809265137,9.449999809265137,9.050000190734863,9.300000190734863,1219514
2016-08-19 00:00:00+00:00,9.724609375,9.75,9.899999618530273,8.75,9.25,1475464
2016-08-22 00:00:00+00:00,10.672135353088379,10.699999809265137,11.0,10.050000190734863,10.050000190734863,1828477
2016-08-23 00:00:00+00:00,11.270572662353516,11.300000190734863,11.699999809265137,10.800000190734863,10.899999618530273,3365035
2016-08-24 00:00:00+00:00,10.971353530883789,11.0,11.800000190734863,10.75,11.050000190734863,1595251
2016-08-25 00:00:00+00:00,11.420182228088379,11.449999809265137,11.850000381469727,10.899999618530273,11.0,932588
2016-08-26 00:00:00+00:00,12.467447280883789,12.5,12.550000190734863,12.050000190734863,12.550000190734863,2945282
2016-08-29 00:00:00+00:00,12.866405487060547,12.899999618530273,13.449999809265137,12.300000190734863,12.649999618530273,3989692
2016-08-30 00:00:00+00:00,14.013411521911621,14.050000190734863,14.149999618530273,13.100000381469727,13.25,3954127
2016-08-31 00:00:00+00:00,14.711587905883789,14.75,15.0,13.850000381469727,14.25,3636901
2016-09-01 00:00:00+00:00,15.010807037353516,15.050000190734863,15.199999809265137,14.050000190734863,14.899999618530273,4782019
2016-09-02 00:00:00+00:00,15.26015567779541,15.300000190734863,15.449999809265137,15.0,15.300000190734863,1385786
2016-09-06 00:00:00+00:00,15.958333015441895,16.0,16.049999237060547,15.5,15.5,2006543
2016-09-07 00:00:00+00:00,15.958333015441895,16.0,16.549999237060547,15.199999809265137,16.299999237060547,2963165
2016-09-08 00:00:00+00:00,15.858592987060547,15.899999618530273,16.25,15.5,16.25,1042221
2016-09-09 00:00:00+00:00,16.257551193237305,16.299999237060547,16.399999618530273,15.600000381469727,16.299999237060547,1184450
2016-09-12 00:00:00+00:00,16.257551193237305,16.299999237060547,16.700000762939453,15.600000381469727,15.699999809265137,860526
2016-09-14 00:00:00+00:00,16.806119918823242,16.850000381469727,16.899999618530273,16.299999237060547,16.299999237060547,1413908
2016-09-15 00:00:00+00:00,17.604036331176758,17.649999618530273,17.649999618530273,17.049999237060547,17.049999237060547,1132433
2016-09-16 00:00:00+00:00,18.401952743530273,18.450000762939453,18.5,17.700000762939453,17.799999237060547,2784153
2016-09-19 00:00:00+00:00,19.249738693237305,19.299999237060547,19.350000381469727,18.850000381469727,18.950000762939453,2798920
2016-09-20 00:00:00+00:00,19.100130081176758,19.149999618530273,20.049999237060547,18.799999237060547,19.700000762939453,2694712
2016-09-21 00:00:00+00:00,18.551563262939453,18.600000381469727,19.450000762939453,18.399999618530273,19.450000762939453,1606273
2016-09-22 00:00:00+00:00,18.601430892944336,18.649999618530273,18.799999237060547,17.700000762939453,18.649999618530273,4660364
2016-09-23 00:00:00+00:00,19.149999618530273,19.200000762939453,19.549999237060547,18.299999237060547,18.75,3397794
2016-09-26 00:00:00+00:00,19.249738693237305,19.299999237060547,19.450000762939453,19.149999618530273,19.399999618530273,830848
2016-09-27 00:00:00+00:00,18.751041412353516,18.799999237060547,19.299999237060547,18.600000381469727,19.200000762939453,1363133
2016-09-28 00:00:00+00:00,18.45182228088379,18.5,19.100000381469727,18.049999237060547,18.950000762939453,1536533
2016-09-29 00:00:00+00:00,17.554166793823242,17.600000381469727,18.799999237060547,17.600000381469727,18.799999237060547,2493291
2016-09-30 00:00:00+00:00,18.152605056762695,18.200000762939453,18.399999618530273,16.75,16.75,3057411
2016-10-03 00:00:00+00:00,19.000389099121094,19.049999237060547,19.100000381469727,18.399999618530273,18.399999618530273,2210265
2016-10-04 00:00:00+00:00,19.648698806762695,19.700000762939453,19.899999618530273,19.100000381469727,19.399999618530273,2224658
2016-10-05 00:00:00+00:00,19.249738693237305,19.299999237060547,19.649999618530273,19.049999237060547,19.600000381469727,712447
2016-10-06 00:00:00+00:00,19.149999618530273,19.200000762939453,19.75,18.600000381469727,19.399999618530273,1486373
2016-10-07 00:00:00+00:00,19.450000762939453,19.450000762939453,19.700000762939453,18.899999618530273,19.049999237060547,3601435
2016-10-10 00:00:00+00:00,20.049999237060547,20.049999237060547,20.200000762939453,19.5,19.5,5297857
2016-10-13 00:00:00+00:00,19.950000762939453,19.950000762939453,21.600000381469727,19.75,20.5,5481463
2016-10-14 00:00:00+00:00,19.350000381469727,19.350000381469727,20.799999237060547,18.799999237060547,20.799999237060547,7349362
2016-10-17 00:00:00+00:00,18.75,18.75,19.5,18.5,19.25,1984013
2016-10-18 00:00:00+00:00,19.799999237060547,19.799999237060547,20.25,18.75,18.799999237060547,3415113
2016-10-19 00:00:00+00:00,19.75,19.75,20.200000762939453,19.149999618530273,20.0,1123301
2016-10-20 00:00:00+00:00,19.450000762939453,19.450000762939453,19.75,19.049999237060547,19.700000762939453,2140682
2016-10-21 00:00:00+00:00,20.049999237060547,20.049999237060547,20.399999618530273,19.25,19.75,1769394
2016-10-24 00:00:00+00:00,20.049999237060547,20.049999237060547,20.399999618530273,19.75,20.100000381469727,936452
2016-10-25 00:00:00+00:00,19.600000381469727,19.600000381469727,20.25,19.399999618530273,20.25,1030932
2016-10-26 00:00:00+00:00,19.0,19.0,20.0,18.649999618530273,20.0,1025520
2016-10-27 00:00:00+00:00,18.25,18.25,19.0,18.100000381469727,19.0,902211
2016-10-28 00:00:00+00:00,19.5,19.5,20.049999237060547,17.649999618530273,18.600000381469727,4348447
2016-11-01 00:00:00+00:00,17.700000762939453,17.700000762939453,19.149999618530273,17.450000762939453,19.100000381469727,3140641
2016-11-02 00:00:00+00:00,16.950000762939453,16.950000762939453,18.0,16.399999618530273,17.5,4090476
2016-11-03 00:00:00+00:00,16.649999618530273,16.649999618530273,17.549999237060547,16.399999618530273,16.549999237060547,3520494
2016-11-04 00:00:00+00:00,15.600000381469727,15.600000381469727,17.100000381469727,13.5,16.850000381469727,4629616
2016-11-07 00:00:00+00:00,12.5,12.5,16.399999618530273,12.5,16.299999237060547,4858523
2016-11-08 00:00:00+00:00,12.699999809265137,12.699999809265137,13.199999809265137,10.0,10.0,8519345
2016-11-09 00:00:00+00:00,11.149999618530273,11.149999618530273,12.149999618530273,10.199999809265137,10.199999809265137,2864861
2016-11-10 00:00:00+00:00,12.25,12.25,12.25,11.5,11.75,2590384
2016-11-11 00:00:00+00:00,11.399999618530273,11.399999618530273,13.350000381469727,11.199999809265137,13.0,4951790
2016-11-15 00:00:00+00:00,10.600000381469727,10.600000381469727,11.800000190734863,10.300000190734863,11.600000381469727,3376888
2016-11-16 00:00:00+00:00,9.550000190734863,9.550000190734863,10.949999809265137,9.550000190734863,10.949999809265137,6520696
2016-11-17 00:00:00+00:00,8.600000381469727,8.600000381469727,9.199999809265137,8.600000381469727,9.199999809265137,1853243
2016-11-18 00:00:00+00:00,8.199999809265137,8.199999809265137,8.199999809265137,8.199999809265137,8.199999809265137,116402
2016-11-21 00:00:00+00:00,7.800000190734863,7.800000190734863,7.800000190734863,7.800000190734863,7.800000190734863,88904
2016-11-22 00:00:00+00:00,7.449999809265137,7.449999809265137,7.449999809265137,7.449999809265137,7.449999809265137,227041
2016-11-23 00:00:00+00:00,7.099999904632568,7.099999904632568,7.349999904632568,7.099999904632568,7.099999904632568,3884294
2016-11-24 00:00:00+00:00,6.75,6.75,6.75,6.75,6.75,196357
2016-11-25 00:00:00+00:00,6.449999809265137,6.449999809265137,6.699999809265137,6.449999809265137,6.449999809265137,5788832
2016-11-28 00:00:00+00:00,6.150000095367432,6.150000095367432,6.75,6.150000095367432,6.150000095367432,14332075
2016-11-29 00:00:00+00:00,5.849999904632568,5.849999904632568,6.099999904632568,5.849999904632568,5.949999809265137,17674505
2016-11-30 00:00:00+00:00,5.599999904632568,5.599999904632568,6.099999904632568,5.599999904632568,5.599999904632568,26491177
2016-12-01 00:00:00+00:00,5.349999904632568,5.349999904632568,5.449999809265137,5.349999904632568,5.349999904632568,14757595
2016-12-02 00:00:00+00:00,5.099999904632568,5.099999904632568,5.099999904632568,5.099999904632568,5.099999904632568,1564459
2016-12-05 00:00:00+00:00,4.849999904632568,4.849999904632568,4.849999904632568,4.849999904632568,4.849999904632568,1052436
2016-12-06 00:00:00+00:00,4.650000095367432,4.650000095367432,4.650000095367432,4.650000095367432,4.650000095367432,261340
2016-12-07 00:00:00+00:00,4.449999809265137,4.449999809265137,4.449999809265137,4.449999809265137,4.449999809265137,113927
2016-12-08 00:00:00+00:00,4.25,4.25,4.25,4.25,4.25,158378
2016-12-09 00:00:00+00:00,4.449999809265137,4.449999809265137,4.449999809265137,4.050000190734863,4.050000190734863,10457194
2016-12-12 00:00:00+00:00,4.650000095367432,4.650000095367432,4.650000095367432,4.650000095367432,4.650000095367432,197024
2016-12-13 00:00:00+00:00,4.849999904632568,4.849999904632568,4.849999904632568,4.849999904632568,4.849999904632568,302026
2016-12-14 00:00:00+00:00,5.050000190734863,5.050000190734863,5.050000190734863,5.050000190734863,5.050000190734863,77453
2016-12-15 00:00:00+00:00,5.300000190734863,5.300000190734863,5.300000190734863,5.300000190734863,5.300000190734863,107587
2016-12-16 00:00:00+00:00,5.550000190734863,5.550000190734863,5.550000190734863,5.550000190734863,5.550000190734863,237707
2016-12-19 00:00:00+00:00,5.300000190734863,5.300000190734863,5.800000190734863,5.300000190734863,5.800000190734863,11292307
2016-12-20 00:00:00+00:00,5.050000190734863,5.050000190734863,5.099999904632568,5.050000190734863,5.050000190734863,550105
2016-12-21 00:00:00+00:00,4.800000190734863,4.800000190734863,5.150000095367432,4.800000190734863,4.800000190734863,2201204
2016-12-22 00:00:00+00:00,4.599999904632568,4.599999904632568,4.599999904632568,4.599999904632568,4.599999904632568,110523
2016-12-23 00:00:00+00:00,4.400000095367432,4.400000095367432,4.599999904632568,4.400000095367432,4.400000095367432,1568229
2016-12-26 00:00:00+00:00,4.199999809265137,4.199999809265137,4.300000190734863,4.199999809265137,4.199999809265137,195620
2016-12-27 00:00:00+00:00,4.400000095367432,4.400000095367432,4.400000095367432,4.0,4.0,1680788
2016-12-28 00:00:00+00:00,4.599999904632568,4.599999904632568,4.599999904632568,4.599999904632568,4.599999904632568,310584
2016-12-29 00:00:00+00:00,4.800000190734863,4.800000190734863,4.800000190734863,4.5,4.75,893753
2016-12-30 00:00:00+00:00,4.949999809265137,4.949999809265137,5.0,4.599999904632568,5.0,4218987
2017-01-02 00:00:00+00:00,5.150000095367432,5.150000095367432,5.150000095367432,4.849999904632568,5.099999904632568,338321
2017-01-03 00:00:00+00:00,5.349999904632568,5.349999904632568,5.400000095367432,5.050000190734863,5.349999904632568,1601703
2017-01-04 00:00:00+00:00,5.099999904632568,5.099999904632568,5.550000190734863,5.099999904632568,5.449999809265137,1736852
2017-01-05 00:00:00+00:00,5.0,5.0,5.150000095367432,4.849999904632568,4.949999809265137,1303694
2017-01-06 00:00:00+00:00,4.949999809265137,4.949999809265137,5.050000190734863,4.75,5.050000190734863,1389683
2017-01-09 00:00:00+00:00,5.150000095367432,5.150000095367432,5.150000095367432,4.900000095367432,5.050000190734863,958647
2017-01-10 00:00:00+00:00,5.099999904632568,5.099999904632568,5.400000095367432,5.050000190734863,5.349999904632568,715402
2017-01-11 00:00:00+00:00,5.050000190734863,5.050000190734863,5.25,5.0,5.25,527343
2017-01-12 00:00:00+00:00,4.900000095367432,4.900000095367432,5.0,4.849999904632568,5.0,523408
2017-01-13 00:00:00+00:00,5.050000190734863,5.050000190734863,5.099999904632568,4.699999809265137,4.800000190734863,586310
2017-01-16 00:00:00+00:00,4.949999809265137,4.949999809265137,5.150000095367432,4.900000095367432,5.150000095367432,300245
2017-01-17 00:00:00+00:00,4.900000095367432,4.900000095367432,5.050000190734863,4.900000095367432,5.050000190734863,218387
2017-01-18 00:00:00+00:00,4.849999904632568,4.849999904632568,5.0,4.849999904632568,5.0,332255
2017-01-19 00:00:00+00:00,4.800000190734863,4.800000190734863,4.949999809265137,4.75,4.949999809265137,387160
2017-01-20 00:00:00+00:00,4.800000190734863,4.800000190734863,4.900000095367432,4.650000095367432,4.849999904632568,537197
2017-01-23 00:00:00+00:00,4.800000190734863,4.800000190734863,4.900000095367432,4.699999809265137,4.800000190734863,275842
2017-01-24 00:00:00+00:00,4.75,4.75,4.849999904632568,4.75,4.849999904632568,283912
2017-01-25 00:00:00+00:00,4.650000095367432,4.650000095367432,4.800000190734863,4.650000095367432,4.75,248642
2017-01-27 00:00:00+00:00,4.849999904632568,4.849999904632568,4.849999904632568,4.550000190734863,4.75,635188
2017-01-30 00:00:00+00:00,5.050000190734863,5.050000190734863,5.050000190734863,4.949999809265137,4.949999809265137,451374
2017-01-31 00:00:00+00:00,4.949999809265137,4.949999809265137,5.300000190734863,4.900000095367432,5.300000190734863,1369618
2017-02-01 00:00:00+00:00,4.949999809265137,4.949999809265137,5.0,4.849999904632568,4.849999904632568,283766
2017-02-02 00:00:00+00:00,4.949999809265137,4.949999809265137,5.050000190734863,4.849999904632568,5.0,274995
2017-02-03 00:00:00+00:00,4.900000095367432,4.900000095367432,5.0,4.849999904632568,4.949999809265137,377026
2017-02-06 00:00:00+00:00,4.800000190734863,4.800000190734863,4.949999809265137,4.75,4.900000095367432,529694
2017-02-07 00:00:00+00:00,4.75,4.75,4.949999809265137,4.699999809265137,4.800000190734863,699802
2017-02-08 00:00:00+00:00,4.949999809265137,4.949999809265137,5.0,4.800000190734863,4.849999904632568,331073
2017-02-09 00:00:00+00:00,4.800000190734863,4.800000190734863,5.0,4.800000190734863,4.949999809265137,295734
2017-02-10 00:00:00+00:00,4.900000095367432,4.900000095367432,5.099999904632568,4.849999904632568,4.849999904632568,647640
2017-02-13 00:00:00+00:00,4.75,4.75,4.949999809265137,4.75,4.849999904632568,364177
2017-02-14 00:00:00+00:00,4.800000190734863,4.800000190734863,4.900000095367432,4.75,4.75,191936
2017-02-15 00:00:00+00:00,4.349999904632568,4.349999904632568,4.849999904632568,4.349999904632568,4.849999904632568,1012178
2017-02-16 00:00:00+00:00,4.449999809265137,4.449999809265137,4.550000190734863,4.050000190734863,4.300000190734863,693354
2017-02-17 00:00:00+00:00,4.449999809265137,4.449999809265137,4.599999904632568,4.349999904632568,4.400000095367432,196507
2017-02-20 00:00:00+00:00,4.599999904632568,4.599999904632568,4.75,4.400000095367432,4.550000190734863,276876
2017-02-21 00:00:00+00:00,4.75,4.75,4.849999904632568,4.599999904632568,4.599999904632568,402565
2017-02-22 00:00:00+00:00,4.650000095367432,4.650000095367432,4.800000190734863,4.650000095367432,4.800000190734863,264617
2017-02-23 00:00:00+00:00,4.599999904632568,4.599999904632568,4.900000095367432,4.550000190734863,4.900000095367432,174509
2017-02-27 00:00:00+00:00,4.449999809265137,4.449999809265137,4.650000095367432,4.400000095367432,4.550000190734863,269244
2017-02-28 00:00:00+00:00,4.5,4.5,4.599999904632568,4.449999809265137,4.550000190734863,242449
2017-03-01 00:00:00+00:00,4.699999809265137,4.699999809265137,4.849999904632568,4.599999904632568,4.599999904632568,390056
2017-03-02 00:00:00+00:00,4.5,4.5,4.949999809265137,4.5,4.900000095367432,366664
2017-03-03 00:00:00+00:00,4.449999809265137,4.449999809265137,4.699999809265137,4.300000190734863,4.550000190734863,417592
2017-03-06 00:00:00+00:00,4.300000190734863,4.300000190734863,4.599999904632568,4.25,4.599999904632568,847837
2017-03-07 00:00:00+00:00,4.150000095367432,4.150000095367432,4.400000095367432,4.050000190734863,4.400000095367432,933367
2017-03-08 00:00:00+00:00,4.150000095367432,4.150000095367432,4.199999809265137,4.050000190734863,4.150000095367432,295628
2017-03-09 00:00:00+00:00,4.099999904632568,4.099999904632568,4.199999809265137,4.099999904632568,4.199999809265137,324403
2017-03-10 00:00:00+00:00,4.099999904632568,4.099999904632568,4.25,4.099999904632568,4.199999809265137,295732
2017-03-14 00:00:00+00:00,4.199999809265137,4.199999809265137,4.25,4.099999904632568,4.25,288147
2017-03-15 00:00:00+00:00,4.099999904632568,4.099999904632568,4.25,4.099999904632568,4.25,174000
2017-03-16 00:00:00+00:00,4.199999809265137,4.199999809265137,4.300000190734863,4.150000095367432,4.25,350160
2017-03-17 00:00:00+00:00,4.050000190734863,4.050000190734863,4.300000190734863,4.0,4.300000190734863,548139
2017-03-20 00:00:00+00:00,4.099999904632568,4.099999904632568,4.150000095367432,4.0,4.0,351405
2017-03-21 00:00:00+00:00,4.099999904632568,4.099999904632568,4.150000095367432,4.0,4.0,291319
2017-03-22 00:00:00+00:00,4.099999904632568,4.099999904632568,4.150000095367432,4.050000190734863,4.099999904632568,255064
2017-03-23 00:00:00+00:00,4.099999904632568,4.099999904632568,4.150000095367432,4.050000190734863,4.099999904632568,160211
2017-03-24 00:00:00+00:00,4.050000190734863,4.050000190734863,4.150000095367432,4.0,4.150000095367432,224767
2017-03-27 00:00:00+00:00,4.050000190734863,4.050000190734863,4.099999904632568,3.950000047683716,4.0,172921
2017-03-28 00:00:00+00:00,3.950000047683716,3.950000047683716,4.150000095367432,3.9000000953674316,4.150000095367432,561802
2017-03-29 00:00:00+00:00,3.8499999046325684,3.8499999046325684,4.050000190734863,3.8499999046325684,4.050000190734863,311642
2017-03-30 00:00:00+00:00,3.9000000953674316,3.9000000953674316,3.950000047683716,3.700000047683716,3.75,442002
2017-03-31 00:00:00+00:00,4.050000190734863,4.050000190734863,4.25,3.950000047683716,4.0,894669
2017-04-03 00:00:00+00:00,4.449999809265137,4.449999809265137,4.449999809265137,4.050000190734863,4.099999904632568,667895
2017-04-05 00:00:00+00:00,4.849999904632568,4.849999904632568,4.849999904632568,4.699999809265137,4.800000190734863,394799
2017-04-06 00:00:00+00:00,5.300000190734863,5.300000190734863,5.300000190734863,4.900000095367432,5.300000190734863,2884123
2017-04-07 00:00:00+00:00,5.550000190734863,5.550000190734863,5.550000190734863,5.349999904632568,5.449999809265137,961548
2017-04-10 00:00:00+00:00,5.300000190734863,5.300000190734863,5.800000190734863,5.300000190734863,5.650000095367432,1926543
2017-04-11 00:00:00+00:00,5.050000190734863,5.050000190734863,5.25,5.050000190734863,5.199999809265137,373199
2017-04-12 00:00:00+00:00,4.949999809265137,4.949999809265137,5.25,4.800000190734863,4.900000095367432,979324
2017-04-13 00:00:00+00:00,4.849999904632568,4.849999904632568,5.050000190734863,4.800000190734863,5.0,319136
2017-04-17 00:00:00+00:00,5.0,5.0,5.050000190734863,4.75,4.900000095367432,337570
2017-04-18 00:00:00+00:00,4.949999809265137,4.949999809265137,5.150000095367432,4.949999809265137,5.150000095367432,326333
2017-04-19 00:00:00+00:00,4.849999904632568,4.849999904632568,5.050000190734863,4.800000190734863,4.849999904632568,188644
2017-04-20 00:00:00+00:00,5.0,5.0,5.050000190734863,4.800000190734863,4.800000190734863,245441
2017-04-21 00:00:00+00:00,4.900000095367432,4.900000095367432,5.099999904632568,4.75,5.0,536538
2017-04-24 00:00:00+00:00,4.849999904632568,4.849999904632568,5.0,4.800000190734863,5.0,292202
2017-04-25 00:00:00+00:00,5.050000190734863,5.050000190734863,5.050000190734863,4.800000190734863,4.900000095367432,486168
2017-04-26 00:00:00+00:00,5.25,5.25,5.300000190734863,5.0,5.199999809265137,1280880
2017-04-27 00:00:00+00:00,5.0,5.0,5.25,5.0,5.25,318657
2017-04-28 00:00:00+00:00,4.75,4.75,4.849999904632568,4.75,4.800000190734863,868431
2017-05-02 00:00:00+00:00,4.550000190734863,4.550000190734863,4.900000095367432,4.550000190734863,4.650000095367432,884392
2017-05-03 00:00:00+00:00,4.400000095367432,4.400000095367432,4.5,4.349999904632568,4.5,631677
2017-05-04 00:00:00+00:00,4.449999809265137,4.449999809265137,4.5,4.300000190734863,4.300000190734863,270621
2017-05-05 00:00:00+00:00,4.349999904632568,4.349999904632568,4.5,4.300000190734863,4.5,374465
2017-05-08 00:00:00+00:00,4.400000095367432,4.400000095367432,4.5,4.25,4.25,191181
2017-05-09 00:00:00+00:00,4.300000190734863,4.300000190734863,4.400000095367432,4.300000190734863,4.400000095367432,206870
2017-05-10 00:00:00+00:00,4.25,4.25,4.349999904632568,4.25,4.25,195234
2017-05-11 00:00:00+00:00,4.199999809265137,4.199999809265137,4.300000190734863,4.099999904632568,4.25,219325
2017-05-12 00:00:00+00:00,4.099999904632568,4.099999904632568,4.25,4.099999904632568,4.150000095367432,252975
2017-05-15 00:00:00+00:00,4.150000095367432,4.150000095367432,4.300000190734863,4.0,4.300000190734863,363111
2017-05-16 00:00:00+00:00,4.349999904632568,4.349999904632568,4.349999904632568,4.099999904632568,4.150000095367432,349577
2017-05-17 00:00:00+00:00,4.550000190734863,4.550000190734863,4.550000190734863,4.449999809265137,4.449999809265137,347412
2017-05-18 00:00:00+00:00,4.349999904632568,4.349999904632568,4.699999809265137,4.349999904632568,4.699999809265137,457525
2017-05-19 00:00:00+00:00,4.349999904632568,4.349999904632568,4.449999809265137,4.300000190734863,4.449999809265137,189677
2017-05-22 00:00:00+00:00,4.300000190734863,4.300000190734863,4.5,4.199999809265137,4.449999809265137,351638
2017-05-23 00:00:00+00:00,4.099999904632568,4.099999904632568,4.349999904632568,4.099999904632568,4.300000190734863,300346
2017-05-24 00:00:00+00:00,4.099999904632568,4.099999904632568,4.199999809265137,4.0,4.150000095367432,397958
2017-05-25 00:00:00+00:00,4.050000190734863,4.050000190734863,4.199999809265137,4.0,4.199999809265137,191513
2017-05-26 00:00:00+00:00,4.050000190734863,4.050000190734863,4.099999904632568,4.0,4.099999904632568,261703
2017-05-29 00:00:00+00:00,4.050000190734863,4.050000190734863,4.199999809265137,4.0,4.0,226217
2017-05-30 00:00:00+00:00,4.050000190734863,4.050000190734863,4.25,4.050000190734863,4.099999904632568,347597
2017-05-31 00:00:00+00:00,4.25,4.25,4.25,4.099999904632568,4.25,246123
2017-06-01 00:00:00+00:00,4.449999809265137,4.449999809265137,4.449999809265137,4.150000095367432,4.400000095367432,704237
2017-06-02 00:00:00+00:00,4.400000095367432,4.400000095367432,4.650000095367432,4.400000095367432,4.449999809265137,319761
2017-06-05 00:00:00+00:00,4.25,4.25,4.400000095367432,4.199999809265137,4.400000095367432,268505
2017-06-06 00:00:00+00:00,4.199999809265137,4.199999809265137,4.300000190734863,4.150000095367432,4.199999809265137,186329
2017-06-07 00:00:00+00:00,4.150000095367432,4.150000095367432,4.349999904632568,4.099999904632568,4.099999904632568,135761
2017-06-08 00:00:00+00:00,4.550000190734863,4.550000190734863,4.550000190734863,4.0,4.150000095367432,705774
2017-06-09 00:00:00+00:00,4.449999809265137,4.449999809265137,4.75,4.349999904632568,4.699999809265137,340464
2017-06-12 00:00:00+00:00,4.400000095367432,4.400000095367432,4.550000190734863,4.099999904632568,4.550000190734863,399523
2017-06-13 00:00:00+00:00,4.300000190734863,4.300000190734863,4.5,4.25,4.5,229275
2017-06-14 00:00:00+00:00,4.300000190734863,4.300000190734863,4.400000095367432,4.199999809265137,4.25,138789
2017-06-15 00:00:00+00:00,4.199999809265137,4.199999809265137,4.349999904632568,4.099999904632568,4.25,266797
2017-06-16 00:00:00+00:00,4.150000095367432,4.150000095367432,4.300000190734863,4.150000095367432,4.25,156011
2017-06-19 00:00:00+00:00,4.199999809265137,4.199999809265137,4.300000190734863,4.099999904632568,4.300000190734863,165825
2017-06-20 00:00:00+00:00,4.150000095367432,4.150000095367432,4.25,4.099999904632568,4.199999809265137,165800
2017-06-21 00:00:00+00:00,4.099999904632568,4.099999904632568,4.25,4.099999904632568,4.199999809265137,106113
2017-06-22 00:00:00+00:00,4.0,4.0,4.199999809265137,4.0,4.099999904632568,350248
2017-06-23 00:00:00+00:00,4.0,4.0,4.050000190734863,3.8499999046325684,4.0,456993
2017-06-27 00:00:00+00:00,3.9000000953674316,3.9000000953674316,4.199999809265137,3.9000000953674316,4.199999809265137,163853
2017-06-28 00:00:00+00:00,3.950000047683716,3.950000047683716,4.099999904632568,3.9000000953674316,4.099999904632568,128928
2017-06-29 00:00:00+00:00,3.8499999046325684,3.8499999046325684,4.0,3.799999952316284,4.0,330449
2017-06-30 00:00:00+00:00,3.8499999046325684,3.8499999046325684,3.9000000953674316,3.799999952316284,3.9000000953674316,503180
2017-07-03 00:00:00+00:00,3.950000047683716,3.950000047683716,3.950000047683716,3.75,3.950000047683716,278910
2017-07-04 00:00:00+00:00,4.0,4.0,4.050000190734863,3.8499999046325684,4.050000190734863,162450
2017-07-05 00:00:00+00:00,3.8499999046325684,3.8499999046325684,4.099999904632568,3.75,4.099999904632568,495654
2017-07-06 00:00:00+00:00,3.9000000953674316,3.9000000953674316,4.0,3.799999952316284,3.8499999046325684,235234
2017-07-07 00:00:00+00:00,4.0,4.0,4.050000190734863,3.8499999046325684,3.9000000953674316,258606
2017-07-10 00:00:00+00:00,3.9000000953674316,3.9000000953674316,4.0,3.8499999046325684,4.0,48474
2017-07-11 00:00:00+00:00,3.9000000953674316,3.9000000953674316,4.050000190734863,3.8499999046325684,3.8499999046325684,258084
2017-07-12 00:00:00+00:00,3.9000000953674316,3.9000000953674316,4.0,3.8499999046325684,4.0,89312
2017-07-13 00:00:00+00:00,3.799999952316284,3.799999952316284,3.950000047683716,3.700000047683716,3.9000000953674316,296659
2017-07-14 00:00:00+00:00,3.799999952316284,3.799999952316284,3.950000047683716,3.799999952316284,3.8499999046325684,498752
2017-07-17 00:00:00+00:00,3.799999952316284,3.799999952316284,3.950000047683716,3.75,3.9000000953674316,186021
2017-07-18 00:00:00+00:00,3.700000047683716,3.700000047683716,3.8499999046325684,3.5999999046325684,3.8499999046325684,313203
2017-07-19 00:00:00+00:00,3.700000047683716,3.700000047683716,3.799999952316284,3.700000047683716,3.799999952316284,238221
2017-07-20 00:00:00+00:00,3.700000047683716,3.700000047683716,3.9000000953674316,3.6500000953674316,3.799999952316284,295436
2017-07-21 00:00:00+00:00,3.700000047683716,3.700000047683716,3.799999952316284,3.6500000953674316,3.75,175855
2017-07-24 00:00:00+00:00,3.6500000953674316,3.6500000953674316,3.75,3.5999999046325684,3.75,344519
2017-07-25 00:00:00+00:00,3.5999999046325684,3.5999999046325684,3.700000047683716,3.549999952316284,3.700000047683716,293273
2017-07-26 00:00:00+00:00,3.950000047683716,3.950000047683716,3.950000047683716,3.6500000953674316,3.6500000953674316,501506
2017-07-27 00:00:00+00:00,4.300000190734863,4.300000190734863,4.300000190734863,4.150000095367432,4.25,683889
2017-07-28 00:00:00+00:00,4.300000190734863,4.300000190734863,4.699999809265137,4.150000095367432,4.599999904632568,1337947
2017-07-31 00:00:00+00:00,4.050000190734863,4.050000190734863,4.400000095367432,4.0,4.400000095367432,341826
2017-08-01 00:00:00+00:00,4.099999904632568,4.099999904632568,4.199999809265137,4.0,4.050000190734863,245613
2017-08-02 00:00:00+00:00,4.050000190734863,4.050000190734863,4.099999904632568,4.0,4.050000190734863,352758
2017-08-03 00:00:00+00:00,3.9000000953674316,3.9000000953674316,4.050000190734863,3.8499999046325684,4.0,291054
2017-08-04 00:00:00+00:00,3.8499999046325684,3.8499999046325684,3.950000047683716,3.799999952316284,3.950000047683716,195789
2017-08-07 00:00:00+00:00,4.099999904632568,4.099999904632568,4.25,3.950000047683716,3.950000047683716,255432
2017-08-08 00:00:00+00:00,3.9000000953674316,3.9000000953674316,4.150000095367432,3.9000000953674316,4.0,505128
2017-08-09 00:00:00+00:00,3.700000047683716,3.700000047683716,4.0,3.299999952316284,4.0,1733507
2017-08-10 00:00:00+00:00,3.450000047683716,3.450000047683716,3.799999952316284,3.4000000953674316,3.799999952316284,516124
2017-08-11 00:00:00+00:00,3.6500000953674316,3.6500000953674316,3.799999952316284,3.1500000953674316,3.1500000953674316,522020
2017-08-14 00:00:00+00:00,3.700000047683716,3.700000047683716,3.8499999046325684,3.5,3.700000047683716,188849
2017-08-16 00:00:00+00:00,3.799999952316284,3.799999952316284,3.950000047683716,3.75,3.950000047683716,152984
2017-08-17 00:00:00+00:00,3.950000047683716,3.950000047683716,4.0,3.700000047683716,3.950000047683716,570433
2017-08-18 00:00:00+00:00,3.9000000953674316,3.9000000953674316,3.950000047683716,3.75,3.950000047683716,158000
2017-08-21 00:00:00+00:00,3.700000047683716,3.700000047683716,3.9000000953674316,3.700000047683716,3.8499999046325684,215177
2017-08-22 00:00:00+00:00,3.5999999046325684,3.5999999046325684,3.799999952316284,3.450000047683716,3.799999952316284,307913
2017-08-23 00:00:00+00:00,3.5999999046325684,3.5999999046325684,3.75,3.450000047683716,3.450000047683716,219733
2017-08-24 00:00:00+00:00,3.5,3.5,3.75,3.450000047683716,3.75,145433
2017-08-28 00:00:00+00:00,3.6500000953674316,3.6500000953674316,3.700000047683716,3.450000047683716,3.5,118676
2017-08-29 00:00:00+00:00,3.5999999046325684,3.5999999046325684,3.6500000953674316,3.5,3.5,183566
2017-08-30 00:00:00+00:00,3.700000047683716,3.700000047683716,3.700000047683716,3.549999952316284,3.549999952316284,194408
2017-08-31 00:00:00+00:00,3.5999999046325684,3.5999999046325684,3.700000047683716,3.549999952316284,3.5999999046325684,173759
2017-09-01 00:00:00+00:00,3.549999952316284,3.549999952316284,3.6500000953674316,3.5,3.549999952316284,150913
2017-09-04 00:00:00+00:00,3.549999952316284,3.549999952316284,3.6500000953674316,3.4000000953674316,3.6500000953674316,262140
2017-09-05 00:00:00+00:00,3.5,3.5,3.5999999046325684,3.4000000953674316,3.5999999046325684,218038
2017-09-06 00:00:00+00:00,3.549999952316284,3.549999952316284,3.549999952316284,3.4000000953674316,3.5,280363
2017-09-07 00:00:00+00:00,3.5,3.5,3.700000047683716,3.450000047683716,3.700000047683716,174701
2017-09-08 00:00:00+00:00,3.549999952316284,3.549999952316284,3.5999999046325684,3.5,3.5,124492
2017-09-11 00:00:00+00:00,3.6500000953674316,3.6500000953674316,3.700000047683716,3.5,3.6500000953674316,324759
2017-09-12 00:00:00+00:00,3.9000000953674316,3.9000000953674316,4.150000095367432,3.5,3.700000047683716,646434
2017-09-13 00:00:00+00:00,3.9000000953674316,3.9000000953674316,4.199999809265137,3.6500000953674316,4.099999904632568,612994
2017-09-14 00:00:00+00:00,3.8499999046325684,3.8499999046325684,4.050000190734863,3.799999952316284,4.050000190734863,154855
2017-09-15 00:00:00+00:00,4.099999904632568,4.099999904632568,4.150000095367432,3.950000047683716,3.950000047683716,726397
2017-09-18 00:00:00+00:00,4.900000095367432,4.900000095367432,4.900000095367432,4.150000095367432,4.150000095367432,3407859
2017-09-19 00:00:00+00:00,4.900000095367432,4.900000095367432,5.300000190734863,4.650000095367432,5.050000190734863,2689451
2017-09-20 00:00:00+00:00,4.550000190734863,4.550000190734863,4.949999809265137,4.5,4.900000095367432,680764
2017-09-21 00:00:00+00:00,4.150000095367432,4.150000095367432,4.699999809265137,3.75,4.699999809265137,763870
2017-09-22 00:00:00+00:00,4.599999904632568,4.599999904632568,4.949999809265137,4.099999904632568,4.300000190734863,2444311
2017-09-25 00:00:00+00:00,4.75,4.75,5.199999809265137,4.25,5.199999809265137,1182045
2017-09-26 00:00:00+00:00,4.650000095367432,4.650000095367432,4.949999809265137,4.599999904632568,4.75,956242
2017-09-27 00:00:00+00:00,4.300000190734863,4.300000190734863,4.75,4.199999809265137,4.599999904632568,690656
2017-09-28 00:00:00+00:00,4.449999809265137,4.449999809265137,4.800000190734863,4.099999904632568,4.550000190734863,628764
2017-09-29 00:00:00+00:00,4.349999904632568,4.349999904632568,4.699999809265137,4.300000190734863,4.400000095367432,297431
2017-10-03 00:00:00+00:00,4.349999904632568,4.349999904632568,4.5,4.300000190734863,4.349999904632568,184484
2017-10-04 00:00:00+00:00,4.199999809265137,4.199999809265137,4.349999904632568,4.150000095367432,4.300000190734863,297355
2017-10-05 00:00:00+00:00,4.199999809265137,4.199999809265137,4.349999904632568,4.150000095367432,4.300000190734863,172399
2017-10-06 00:00:00+00:00,4.300000190734863,4.300000190734863,4.349999904632568,4.199999809265137,4.199999809265137,187558
2017-10-09 00:00:00+00:00,4.150000095367432,4.150000095367432,4.25,4.099999904632568,4.099999904632568,176188
2017-10-10 00:00:00+00:00,4.099999904632568,4.099999904632568,4.199999809265137,4.0,4.099999904632568,260913
2017-10-11 00:00:00+00:00,4.150000095367432,4.150000095367432,4.300000190734863,4.050000190734863,4.300000190734863,204638
2017-10-12 00:00:00+00:00,4.099999904632568,4.099999904632568,4.25,3.9000000953674316,4.25,308701
2017-10-13 00:00:00+00:00,4.050000190734863,4.050000190734863,4.099999904632568,4.0,4.0,215009
2017-10-16 00:00:00+00:00,3.950000047683716,3.950000047683716,4.099999904632568,3.9000000953674316,4.099999904632568,330927
2017-10-17 00:00:00+00:00,4.0,4.0,4.099999904632568,3.9000000953674316,4.099999904632568,214413
2017-10-18 00:00:00+00:00,3.8499999046325684,3.8499999046325684,4.099999904632568,3.8499999046325684,4.099999904632568,291688
2017-10-19 00:00:00+00:00,3.950000047683716,3.950000047683716,4.0,3.799999952316284,3.799999952316284,126468
2017-10-23 00:00:00+00:00,3.9000000953674316,3.9000000953674316,3.950000047683716,3.799999952316284,3.950000047683716,356688
2017-10-24 00:00:00+00:00,3.9000000953674316,3.9000000953674316,3.950000047683716,3.799999952316284,3.9000000953674316,397913
2017-10-25 00:00:00+00:00,4.199999809265137,4.199999809265137,4.5,3.9000000953674316,3.950000047683716,1199234
2017-10-26 00:00:00+00:00,4.550000190734863,4.550000190734863,4.650000095367432,4.25,4.25,1124335
2017-10-27 00:00:00+00:00,4.650000095367432,4.650000095367432,5.0,4.400000095367432,4.650000095367432,1315661
2017-10-30 00:00:00+00:00,4.800000190734863,4.800000190734863,4.900000095367432,4.5,4.900000095367432,539148
2017-10-31 00:00:00+00:00,4.550000190734863,4.550000190734863,4.949999809265137,4.400000095367432,4.949999809265137,1083423
2017-11-01 00:00:00+00:00,4.5,4.5,4.699999809265137,4.400000095367432,4.550000190734863,437088
2017-11-02 00:00:00+00:00,4.5,4.5,4.650000095367432,4.400000095367432,4.650000095367432,444249
2017-11-03 00:00:00+00:00,4.349999904632568,4.349999904632568,4.650000095367432,4.25,4.599999904632568,668938
2017-11-06 00:00:00+00:00,4.25,4.25,4.400000095367432,4.199999809265137,4.400000095367432,364370
2017-11-07 00:00:00+00:00,4.25,4.25,4.349999904632568,4.0,4.300000190734863,299744
2017-11-08 00:00:00+00:00,4.099999904632568,4.099999904632568,4.349999904632568,4.050000190734863,4.25,491844
2017-11-09 00:00:00+00:00,4.5,4.5,4.599999904632568,4.0,4.0,601413
2017-11-10 00:00:00+00:00,4.400000095367432,4.400000095367432,4.550000190734863,4.300000190734863,4.449999809265137,289733
2017-11-13 00:00:00+00:00,4.0,4.0,4.5,3.950000047683716,4.5,1023784
2017-11-14 00:00:00+00:00,4.099999904632568,4.099999904632568,4.300000190734863,4.050000190734863,4.099999904632568,355497
2017-11-15 00:00:00+00:00,4.050000190734863,4.050000190734863,4.150000095367432,4.0,4.099999904632568,291402
2017-11-16 00:00:00+00:00,4.050000190734863,4.050000190734863,4.150000095367432,4.0,4.150000095367432,215920
2017-11-17 00:00:00+00:00,4.099999904632568,4.099999904632568,4.349999904632568,4.0,4.150000095367432,571157
2017-11-20 00:00:00+00:00,4.550000190734863,4.550000190734863,4.599999904632568,4.099999904632568,4.099999904632568,1344515
2017-11-21 00:00:00+00:00,4.449999809265137,4.449999809265137,4.800000190734863,4.349999904632568,4.550000190734863,867374
2017-11-22 00:00:00+00:00,4.25,4.25,4.550000190734863,4.25,4.550000190734863,289609
2017-11-23 00:00:00+00:00,4.199999809265137,4.199999809265137,4.400000095367432,4.150000095367432,4.400000095367432,482468
2017-11-24 00:00:00+00:00,4.199999809265137,4.199999809265137,4.300000190734863,4.150000095367432,4.150000095367432,442235
2017-11-27 00:00:00+00:00,4.349999904632568,4.349999904632568,4.400000095367432,4.150000095367432,4.199999809265137,606014
2017-11-28 00:00:00+00:00,4.349999904632568,4.349999904632568,4.5,4.25,4.400000095367432,522896
2017-11-29 00:00:00+00:00,4.300000190734863,4.300000190734863,4.400000095367432,4.25,4.300000190734863,247717
2017-11-30 00:00:00+00:00,4.25,4.25,4.349999904632568,4.199999809265137,4.25,436020
2017-12-01 00:00:00+00:00,4.25,4.25,4.349999904632568,4.199999809265137,4.349999904632568,380293
2017-12-04 00:00:00+00:00,5.0,5.0,5.099999904632568,4.449999809265137,4.699999809265137,7115704
2017-12-05 00:00:00+00:00,5.25,5.25,5.599999904632568,4.650000095367432,5.0,5519897
2017-12-06 00:00:00+00:00,6.300000190734863,6.300000190734863,6.300000190734863,5.349999904632568,5.349999904632568,10024572
2017-12-07 00:00:00+00:00,6.900000095367432,6.900000095367432,6.900000095367432,6.5,6.5,3714151
2017-12-08 00:00:00+00:00,6.25,6.25,7.550000190734863,6.25,7.550000190734863,15732072
2017-12-11 00:00:00+00:00,5.650000095367432,5.650000095367432,5.949999809265137,5.650000095367432,5.75,5006239
2017-12-12 00:00:00+00:00,6.099999904632568,6.099999904632568,6.199999809265137,5.199999809265137,5.300000190734863,4889953
2017-12-13 00:00:00+00:00,6.25,6.25,6.5,6.0,6.349999904632568,2182355
2017-12-14 00:00:00+00:00,6.0,6.0,6.400000095367432,5.900000095367432,6.400000095367432,1266148
2017-12-15 00:00:00+00:00,5.5,5.5,6.050000190734863,5.400000095367432,5.900000095367432,4708497
2017-12-18 00:00:00+00:00,5.900000095367432,5.900000095367432,6.050000190734863,5.150000095367432,5.550000190734863,3344738
2017-12-19 00:00:00+00:00,5.800000190734863,5.800000190734863,6.050000190734863,5.699999809265137,5.900000095367432,1107855
2017-12-20 00:00:00+00:00,5.800000190734863,5.800000190734863,5.849999904632568,5.550000190734863,5.800000190734863,823210
2017-12-21 00:00:00+00:00,6.349999904632568,6.349999904632568,6.349999904632568,6.349999904632568,6.349999904632568,1177696
2017-12-22 00:00:00+00:00,6.949999809265137,6.949999809265137,6.949999809265137,6.949999809265137,6.949999809265137,906672
2017-12-26 00:00:00+00:00,7.25,7.25,7.25,7.25,7.25,456105
2017-12-27 00:00:00+00:00,7.599999904632568,7.599999904632568,7.599999904632568,7.599999904632568,7.599999904632568,739250
2017-12-28 00:00:00+00:00,7.25,7.25,7.650000095367432,7.25,7.650000095367432,1905219
2017-12-29 00:00:00+00:00,7.199999809265137,7.199999809265137,7.449999809265137,6.900000095367432,7.0,3559451
2018-01-01 00:00:00+00:00,7.400000095367432,7.400000095367432,7.5,7.349999904632568,7.5,1323657
2018-01-02 00:00:00+00:00,7.150000095367432,7.150000095367432,7.599999904632568,7.050000190734863,7.5,1323833
2018-01-03 00:00:00+00:00,7.449999809265137,7.449999809265137,7.5,7.050000190734863,7.25,1273386
2018-01-04 00:00:00+00:00,7.800000190734863,7.800000190734863,7.800000190734863,7.599999904632568,7.599999904632568,708222
2018-01-05 00:00:00+00:00,8.149999618530273,8.149999618530273,8.149999618530273,7.900000095367432,8.0,1629348
2018-01-08 00:00:00+00:00,8.550000190734863,8.550000190734863,8.550000190734863,8.5,8.550000190734863,566178
2018-01-09 00:00:00+00:00,8.949999809265137,8.949999809265137,8.949999809265137,8.149999618530273,8.949999809265137,4868692
2018-01-10 00:00:00+00:00,9.350000381469727,9.350000381469727,9.350000381469727,9.050000190734863,9.25,1546955
2018-01-11 00:00:00+00:00,9.800000190734863,9.800000190734863,9.800000190734863,9.600000381469727,9.75,763717
2018-01-12 00:00:00+00:00,10.25,10.25,10.25,9.800000190734863,10.149999618530273,1387779
2018-01-15 00:00:00+00:00,9.75,9.75,10.649999618530273,9.75,10.449999809265137,3996938
2018-01-16 00:00:00+00:00,9.300000190734863,9.300000190734863,9.300000190734863,9.300000190734863,9.300000190734863,147667
2018-01-17 00:00:00+00:00,8.850000381469727,8.850000381469727,8.850000381469727,8.850000381469727,8.850000381469727,152272
2018-01-18 00:00:00+00:00,8.449999809265137,8.449999809265137,8.699999809265137,8.449999809265137,8.449999809265137,1304915
2018-01-19 00:00:00+00:00,8.050000190734863,8.050000190734863,8.050000190734863,8.050000190734863,8.050000190734863,118438
2018-01-22 00:00:00+00:00,8.449999809265137,8.449999809265137,8.449999809265137,7.650000095367432,7.650000095367432,3875691
2018-01-23 00:00:00+00:00,8.050000190734863,8.050000190734863,8.550000190734863,8.050000190734863,8.399999618530273,1753186
2018-01-24 00:00:00+00:00,7.650000095367432,7.650000095367432,8.25,7.650000095367432,7.75,1558177
2018-01-25 00:00:00+00:00,7.5,7.5,7.699999809265137,7.300000190734863,7.400000095367432,1815692
2018-01-29 00:00:00+00:00,7.75,7.75,7.849999904632568,7.5,7.5,1275804
2018-01-30 00:00:00+00:00,7.400000095367432,7.400000095367432,7.699999809265137,7.400000095367432,7.699999809265137,1136126
2018-01-31 00:00:00+00:00,7.199999809265137,7.199999809265137,7.400000095367432,7.099999904632568,7.25,689655
2018-02-01 00:00:00+00:00,7.5,7.5,7.550000190734863,7.099999904632568,7.400000095367432,888070
2018-02-02 00:00:00+00:00,7.150000095367432,7.150000095367432,7.599999904632568,7.150000095367432,7.599999904632568,710834
2018-02-05 00:00:00+00:00,6.900000095367432,6.900000095367432,7.150000095367432,6.800000190734863,6.800000190734863,1458442
2018-02-06 00:00:00+00:00,6.800000190734863,6.800000190734863,6.900000095367432,6.599999904632568,6.599999904632568,712293
2018-02-07 00:00:00+00:00,7.099999904632568,7.099999904632568,7.099999904632568,7.0,7.099999904632568,347172
2018-02-08 00:00:00+00:00,7.449999809265137,7.449999809265137,7.449999809265137,7.25,7.449999809265137,388081
2018-02-09 00:00:00+00:00,7.75,7.75,7.800000190734863,7.150000095367432,7.650000095367432,476914
2018-02-12 00:00:00+00:00,8.100000381469727,8.100000381469727,8.100000381469727,7.900000095367432,8.0,628278
2018-02-14 00:00:00+00:00,8.449999809265137,8.449999809265137,8.5,8.0,8.25,908629
2018-02-15 00:00:00+00:00,8.050000190734863,8.050000190734863,8.800000190734863,8.050000190734863,8.800000190734863,1303558
2018-02-16 00:00:00+00:00,7.650000095367432,7.650000095367432,8.050000190734863,7.650000095367432,7.900000095367432,506333
2018-02-19 00:00:00+00:00,7.349999904632568,7.349999904632568,7.800000190734863,7.300000190734863,7.650000095367432,617952
2018-02-20 00:00:00+00:00,7.300000190734863,7.300000190734863,7.599999904632568,7.25,7.349999904632568,334887
2018-02-21 00:00:00+00:00,7.349999904632568,7.349999904632568,7.650000095367432,7.25,7.599999904632568,382372
2018-02-22 00:00:00+00:00,7.0,7.0,7.449999809265137,7.0,7.25,858644
2018-02-23 00:00:00+00:00,6.949999809265137,6.949999809265137,7.199999809265137,6.75,7.0,476321
2018-02-26 00:00:00+00:00,7.050000190734863,7.050000190734863,7.199999809265137,6.949999809265137,7.199999809265137,310582
2018-02-27 00:00:00+00:00,7.0,7.0,7.25,6.900000095367432,7.25,375285
2018-02-28 00:00:00+00:00,6.900000095367432,6.900000095367432,7.0,6.75,6.900000095367432,341010
2018-03-01 00:00:00+00:00,6.849999904632568,6.849999904632568,7.0,6.75,6.75,206862
2018-03-05 00:00:00+00:00,6.699999809265137,6.699999809265137,7.050000190734863,6.650000095367432,7.050000190734863,309429
2018-03-06 00:00:00+00:00,6.449999809265137,6.449999809265137,6.849999904632568,6.400000095367432,6.849999904632568,457904
2018-03-07 00:00:00+00:00,6.300000190734863,6.300000190734863,6.699999809265137,6.199999809265137,6.400000095367432,325411
2018-03-08 00:00:00+00:00,6.150000095367432,6.150000095367432,6.400000095367432,6.0,6.300000190734863,908781
2018-03-09 00:00:00+00:00,6.099999904632568,6.099999904632568,6.349999904632568,6.0,6.349999904632568,304174
2018-03-12 00:00:00+00:00,6.199999809265137,6.199999809265137,6.349999904632568,6.099999904632568,6.349999904632568,332859
2018-03-13 00:00:00+00:00,6.5,6.5,6.5,6.199999809265137,6.199999809265137,428350
2018-03-14 00:00:00+00:00,6.800000190734863,6.800000190734863,6.800000190734863,6.5,6.75,211927
2018-03-15 00:00:00+00:00,7.099999904632568,7.099999904632568,7.099999904632568,6.900000095367432,7.050000190734863,136919
2018-03-16 00:00:00+00:00,7.400000095367432,7.400000095367432,7.449999809265137,7.0,7.349999904632568,862902
2018-03-19 00:00:00+00:00,7.050000190734863,7.050000190734863,7.650000095367432,7.050000190734863,7.650000095367432,274198
2018-03-20 00:00:00+00:00,6.699999809265137,6.699999809265137,6.900000095367432,6.699999809265137,6.75,270263
2018-03-21 00:00:00+00:00,6.400000095367432,6.400000095367432,6.900000095367432,6.400000095367432,6.900000095367432,400144
2018-03-22 00:00:00+00:00,6.25,6.25,6.400000095367432,6.099999904632568,6.349999904632568,962658
2018-03-23 00:00:00+00:00,6.099999904632568,6.099999904632568,6.150000095367432,5.949999809265137,6.099999904632568,523378
2018-03-26 00:00:00+00:00,5.900000095367432,5.900000095367432,6.150000095367432,5.800000190734863,6.099999904632568,613828
2018-03-27 00:00:00+00:00,6.150000095367432,6.150000095367432,6.150000095367432,5.900000095367432,6.0,103555
2018-03-28 00:00:00+00:00,6.349999904632568,6.349999904632568,6.449999809265137,6.099999904632568,6.199999809265137,478720
2018-04-02 00:00:00+00:00,6.650000095367432,6.650000095367432,6.650000095367432,6.400000095367432,6.550000190734863,287969
2018-04-03 00:00:00+00:00,6.550000190734863,6.550000190734863,6.900000095367432,6.449999809265137,6.900000095367432,217556
2018-04-04 00:00:00+00:00,6.5,6.5,6.699999809265137,6.449999809265137,6.650000095367432,345860
2018-04-05 00:00:00+00:00,6.599999904632568,6.599999904632568,6.650000095367432,6.5,6.650000095367432,104457
2018-04-06 00:00:00+00:00,6.599999904632568,6.599999904632568,6.75,6.5,6.5,138529
2018-04-09 00:00:00+00:00,6.900000095367432,6.900000095367432,7.099999904632568,6.599999904632568,6.75,360583
2018-04-10 00:00:00+00:00,6.75,6.75,6.949999809265137,6.650000095367432,6.75,148650
2018-04-11 00:00:00+00:00,6.599999904632568,6.599999904632568,6.800000190734863,6.550000190734863,6.599999904632568,137462
2018-04-12 00:00:00+00:00,6.5,6.5,6.800000190734863,6.400000095367432,6.599999904632568,149833
2018-04-13 00:00:00+00:00,6.400000095367432,6.400000095367432,6.650000095367432,6.349999904632568,6.449999809265137,282705
2018-04-16 00:00:00+00:00,7.0,7.0,7.0,6.349999904632568,6.550000190734863,488336
2018-04-17 00:00:00+00:00,7.25,7.25,7.650000095367432,7.050000190734863,7.25,954207
2018-04-18 00:00:00+00:00,7.949999809265137,7.949999809265137,7.949999809265137,7.349999904632568,7.349999904632568,1618105
2018-04-19 00:00:00+00:00,7.300000190734863,7.300000190734863,8.25,7.25,8.149999618530273,966873
2018-04-20 00:00:00+00:00,8.0,8.0,8.0,7.25,7.449999809265137,1477983
2018-04-23 00:00:00+00:00,8.399999618530273,8.399999618530273,8.399999618530273,8.149999618530273,8.399999618530273,504540
2018-04-24 00:00:00+00:00,8.0,8.0,8.649999618530273,8.0,8.649999618530273,1432706
2018-04-25 00:00:00+00:00,7.599999904632568,7.599999904632568,7.599999904632568,7.599999904632568,7.599999904632568,111524
2018-04-26 00:00:00+00:00,7.25,7.25,7.25,7.25,7.25,121813
2018-04-27 00:00:00+00:00,7.400000095367432,7.400000095367432,7.599999904632568,7.0,7.0,965153
2018-04-30 00:00:00+00:00,7.75,7.75,7.75,7.25,7.599999904632568,853405
2018-05-02 00:00:00+00:00,7.400000095367432,7.400000095367432,8.050000190734863,7.400000095367432,8.0,545475
2018-05-03 00:00:00+00:00,7.349999904632568,7.349999904632568,7.650000095367432,7.150000095367432,7.400000095367432,438991
2018-05-04 00:00:00+00:00,7.199999809265137,7.199999809265137,7.650000095367432,7.150000095367432,7.349999904632568,280386
2018-05-07 00:00:00+00:00,7.0,7.0,7.449999809265137,6.849999904632568,7.150000095367432,723606
2018-05-08 00:00:00+00:00,7.25,7.25,7.349999904632568,6.900000095367432,6.900000095367432,406145
2018-05-09 00:00:00+00:00,7.150000095367432,7.150000095367432,7.5,7.099999904632568,7.349999904632568,184644
2018-05-10 00:00:00+00:00,6.900000095367432,6.900000095367432,7.400000095367432,6.849999904632568,7.150000095367432,436921
2018-05-11 00:00:00+00:00,7.099999904632568,7.099999904632568,7.150000095367432,6.800000190734863,6.849999904632568,285440
2018-05-14 00:00:00+00:00,6.949999809265137,6.949999809265137,7.25,6.849999904632568,7.25,289280
2018-05-15 00:00:00+00:00,6.75,6.75,7.099999904632568,6.699999809265137,6.849999904632568,297635
2018-05-16 00:00:00+00:00,6.849999904632568,6.849999904632568,6.949999809265137,6.650000095367432,6.699999809265137,145621
2018-05-17 00:00:00+00:00,6.849999904632568,6.849999904632568,7.050000190734863,6.699999809265137,6.699999809265137,113531
2018-05-18 00:00:00+00:00,6.699999809265137,6.699999809265137,6.900000095367432,6.699999809265137,6.849999904632568,175283
2018-05-21 00:00:00+00:00,6.699999809265137,6.699999809265137,7.0,6.550000190734863,7.0,559566
2018-05-22 00:00:00+00:00,6.449999809265137,6.449999809265137,6.699999809265137,6.449999809265137,6.699999809265137,359335
2018-05-23 00:00:00+00:00,6.400000095367432,6.400000095367432,6.599999904632568,6.300000190734863,6.5,326521
2018-05-24 00:00:00+00:00,6.699999809265137,6.699999809265137,6.699999809265137,6.349999904632568,6.599999904632568,279059
2018-05-25 00:00:00+00:00,6.650000095367432,6.650000095367432,7.0,6.599999904632568,7.0,126546
2018-05-28 00:00:00+00:00,6.949999809265137,6.949999809265137,6.949999809265137,6.599999904632568,6.650000095367432,242612
2018-05-29 00:00:00+00:00,6.849999904632568,6.849999904632568,7.25,6.75,7.0,314284
2018-05-30 00:00:00+00:00,6.650000095367432,6.650000095367432,7.0,6.550000190734863,7.0,397487
2018-05-31 00:00:00+00:00,6.550000190734863,6.550000190734863,6.599999904632568,6.5,6.599999904632568,164811
2018-06-01 00:00:00+00:00,6.650000095367432,6.650000095367432,6.849999904632568,6.5,6.699999809265137,267743
2018-06-04 00:00:00+00:00,6.349999904632568,6.349999904632568,6.900000095367432,6.349999904632568,6.900000095367432,209931
2018-06-05 00:00:00+00:00,6.050000190734863,6.050000190734863,6.599999904632568,6.050000190734863,6.400000095367432,387511
2018-06-06 00:00:00+00:00,6.300000190734863,6.300000190734863,6.349999904632568,5.800000190734863,5.800000190734863,355835
2018-06-07 00:00:00+00:00,6.449999809265137,6.449999809265137,6.699999809265137,6.400000095367432,6.400000095367432,187022
2018-06-08 00:00:00+00:00,6.400000095367432,6.400000095367432,6.5,6.25,6.400000095367432,150565
2018-06-11 00:00:00+00:00,6.349999904632568,6.349999904632568,6.599999904632568,6.099999904632568,6.599999904632568,224309
2018-06-12 00:00:00+00:00,6.5,6.5,6.800000190734863,6.349999904632568,6.599999904632568,111077
2018-06-13 00:00:00+00:00,6.300000190734863,6.300000190734863,6.699999809265137,6.25,6.699999809265137,162517
2018-06-14 00:00:00+00:00,6.150000095367432,6.150000095367432,6.5,6.150000095367432,6.5,154125
2018-06-15 00:00:00+00:00,6.150000095367432,6.150000095367432,6.349999904632568,6.0,6.349999904632568,257546
2018-06-18 00:00:00+00:00,6.099999904632568,6.099999904632568,6.300000190734863,6.050000190734863,6.300000190734863,143552
2018-06-19 00:00:00+00:00,6.0,6.0,6.300000190734863,5.599999904632568,6.300000190734863,457440
2018-06-20 00:00:00+00:00,6.349999904632568,6.349999904632568,6.449999809265137,5.949999809265137,6.199999809265137,375134
2018-06-21 00:00:00+00:00,6.199999809265137,6.199999809265137,6.5,6.150000095367432,6.5,138236
2018-06-22 00:00:00+00:00,6.150000095367432,6.150000095367432,6.349999904632568,6.099999904632568,6.349999904632568,142558
2018-06-25 00:00:00+00:00,6.099999904632568,6.099999904632568,6.199999809265137,6.0,6.099999904632568,189598
2018-06-26 00:00:00+00:00,6.050000190734863,6.050000190734863,6.199999809265137,6.0,6.199999809265137,122362
2018-06-27 00:00:00+00:00,6.0,6.0,6.150000095367432,5.900000095367432,6.150000095367432,253534
2018-06-28 00:00:00+00:00,5.800000190734863,5.800000190734863,6.199999809265137,5.75,6.199999809265137,191846
2018-06-29 00:00:00+00:00,5.900000095367432,5.900000095367432,6.0,5.599999904632568,6.0,254275
2018-07-02 00:00:00+00:00,5.800000190734863,5.800000190734863,6.150000095367432,5.650000095367432,6.150000095367432,154320
2018-07-03 00:00:00+00:00,5.699999809265137,5.699999809265137,5.849999904632568,5.599999904632568,5.800000190734863,318361
2018-07-04 00:00:00+00:00,5.949999809265137,5.949999809265137,6.050000190734863,5.650000095367432,5.849999904632568,170093
2018-07-05 00:00:00+00:00,5.849999904632568,5.849999904632568,5.949999809265137,5.800000190734863,5.800000190734863,208113
2018-07-06 00:00:00+00:00,5.800000190734863,5.800000190734863,5.949999809265137,5.75,5.800000190734863,85907
2018-07-09 00:00:00+00:00,5.949999809265137,5.949999809265137,6.0,5.800000190734863,6.0,81632
2018-07-10 00:00:00+00:00,5.900000095367432,5.900000095367432,6.050000190734863,5.849999904632568,6.0,206844
2018-07-11 00:00:00+00:00,5.800000190734863,5.800000190734863,5.949999809265137,5.75,5.900000095367432,178773
2018-07-12 00:00:00+00:00,5.800000190734863,5.800000190734863,5.949999809265137,5.699999809265137,5.75,94172
2018-07-13 00:00:00+00:00,5.650000095367432,5.650000095367432,5.900000095367432,5.599999904632568,5.849999904632568,369787
2018-07-16 00:00:00+00:00,5.5,5.5,5.800000190734863,5.449999809265137,5.800000190734863,100433
2018-07-17 00:00:00+00:00,5.400000095367432,5.400000095367432,5.599999904632568,5.300000190734863,5.550000190734863,63724
2018-07-18 00:00:00+00:00,5.050000190734863,5.050000190734863,5.5,4.900000095367432,5.400000095367432,379766
2018-07-19 00:00:00+00:00,4.550000190734863,4.550000190734863,5.099999904632568,4.550000190734863,5.0,481837
2018-07-20 00:00:00+00:00,4.349999904632568,4.349999904632568,4.5,4.349999904632568,4.5,316717
2018-07-23 00:00:00+00:00,4.550000190734863,4.550000190734863,4.550000190734863,4.300000190734863,4.349999904632568,303529
2018-07-24 00:00:00+00:00,4.75,4.75,4.75,4.550000190734863,4.699999809265137,74520
2018-07-25 00:00:00+00:00,4.949999809265137,4.949999809265137,4.949999809265137,4.75,4.949999809265137,181708
2018-07-26 00:00:00+00:00,5.150000095367432,5.150000095367432,5.150000095367432,5.150000095367432,5.150000095367432,11867
2018-07-27 00:00:00+00:00,5.400000095367432,5.400000095367432,5.400000095367432,5.25,5.400000095367432,142206
2018-07-30 00:00:00+00:00,5.650000095367432,5.650000095367432,5.650000095367432,5.599999904632568,5.650000095367432,175281
2018-07-31 00:00:00+00:00,5.900000095367432,5.900000095367432,5.900000095367432,5.400000095367432,5.900000095367432,332413
2018-08-01 00:00:00+00:00,6.150000095367432,6.150000095367432,6.150000095367432,5.900000095367432,6.099999904632568,318252
2018-08-02 00:00:00+00:00,6.199999809265137,6.199999809265137,6.449999809265137,5.849999904632568,6.449999809265137,521176
2018-08-03 00:00:00+00:00,6.050000190734863,6.050000190734863,6.449999809265137,5.949999809265137,6.25,254260
2018-08-06 00:00:00+00:00,6.0,6.0,6.099999904632568,5.900000095367432,5.949999809265137,138972
2018-08-07 00:00:00+00:00,6.050000190734863,6.050000190734863,6.099999904632568,5.800000190734863,6.099999904632568,86345
2018-08-08 00:00:00+00:00,5.900000095367432,5.900000095367432,6.300000190734863,5.900000095367432,6.300000190734863,136935
2018-08-09 00:00:00+00:00,5.849999904632568,5.849999904632568,6.050000190734863,5.800000190734863,6.050000190734863,98565
2018-08-10 00:00:00+00:00,5.650000095367432,5.650000095367432,6.0,5.599999904632568,5.849999904632568,273230
2018-08-13 00:00:00+00:00,5.599999904632568,5.599999904632568,5.800000190734863,5.449999809265137,5.699999809265137,195515
2018-08-14 00:00:00+00:00,5.349999904632568,5.349999904632568,5.699999809265137,5.349999904632568,5.449999809265137,260761
2018-08-16 00:00:00+00:00,5.099999904632568,5.099999904632568,5.349999904632568,5.099999904632568,5.099999904632568,176476
2018-08-17 00:00:00+00:00,5.099999904632568,5.099999904632568,5.300000190734863,4.849999904632568,5.099999904632568,292602
2018-08-20 00:00:00+00:00,5.150000095367432,5.150000095367432,5.25,5.0,5.199999809265137,106580
2018-08-21 00:00:00+00:00,5.400000095367432,5.400000095367432,5.400000095367432,5.150000095367432,5.349999904632568,166556
2018-08-23 00:00:00+00:00,5.199999809265137,5.199999809265137,5.650000095367432,5.150000095367432,5.5,255160
2018-08-24 00:00:00+00:00,5.25,5.25,5.449999809265137,5.099999904632568,5.400000095367432,333523
2018-08-27 00:00:00+00:00,5.5,5.5,5.5,5.349999904632568,5.400000095367432,329368
2018-08-28 00:00:00+00:00,5.75,5.75,5.75,5.650000095367432,5.699999809265137,323345
2018-08-29 00:00:00+00:00,6.0,6.0,6.0,5.650000095367432,6.0,585375
2018-08-30 00:00:00+00:00,6.0,6.0,6.300000190734863,5.949999809265137,6.199999809265137,660212
2018-08-31 00:00:00+00:00,5.849999904632568,5.849999904632568,6.199999809265137,5.849999904632568,6.199999809265137,251156
2018-09-03 00:00:00+00:00,5.849999904632568,5.849999904632568,6.0,5.75,6.0,232383
2018-09-04 00:00:00+00:00,5.900000095367432,5.900000095367432,6.0,5.75,6.0,248912
2018-09-05 00:00:00+00:00,5.800000190734863,5.800000190734863,5.949999809265137,5.699999809265137,5.949999809265137,239764
2018-09-06 00:00:00+00:00,5.75,5.75,5.849999904632568,5.699999809265137,5.849999904632568,91613
2018-09-07 00:00:00+00:00,5.75,5.75,5.900000095367432,5.75,5.900000095367432,85946
2018-09-10 00:00:00+00:00,5.650000095367432,5.650000095367432,5.900000095367432,5.599999904632568,5.900000095367432,210804
2018-09-11 00:00:00+00:00,5.599999904632568,5.599999904632568,5.800000190734863,5.599999904632568,5.800000190734863,146531
2018-09-12 00:00:00+00:00,5.449999809265137,5.449999809265137,5.75,5.400000095367432,5.550000190734863,217842
2018-09-14 00:00:00+00:00,5.449999809265137,5.449999809265137,5.599999904632568,5.400000095367432,5.5,117085
2018-09-17 00:00:00+00:00,5.550000190734863,5.550000190734863,5.599999904632568,5.349999904632568,5.349999904632568,77090
2018-09-18 00:00:00+00:00,5.449999809265137,5.449999809265137,5.550000190734863,5.400000095367432,5.5,49336
2018-09-19 00:00:00+00:00,5.25,5.25,5.449999809265137,5.199999809265137,5.449999809265137,118253
2018-09-21 00:00:00+00:00,5.099999904632568,5.099999904632568,5.449999809265137,5.0,5.449999809265137,397313
2018-09-24 00:00:00+00:00,4.900000095367432,4.900000095367432,5.199999809265137,4.849999904632568,5.199999809265137,271322
2018-09-25 00:00:00+00:00,4.699999809265137,4.699999809265137,5.0,4.699999809265137,5.0,578768
2018-09-26 00:00:00+00:00,4.800000190734863,4.800000190734863,4.800000190734863,4.650000095367432,4.800000190734863,219706
2018-09-27 00:00:00+00:00,4.849999904632568,4.849999904632568,4.949999809265137,4.75,4.849999904632568,96479
2018-09-28 00:00:00+00:00,4.75,4.75,5.050000190734863,4.699999809265137,4.949999809265137,370121
2018-10-01 00:00:00+00:00,4.75,4.75,4.800000190734863,4.599999904632568,4.650000095367432,130327
2018-10-03 00:00:00+00:00,4.849999904632568,4.849999904632568,4.949999809265137,4.75,4.75,122406
2018-10-04 00:00:00+00:00,5.0,5.0,5.050000190734863,4.75,4.849999904632568,144747
2018-10-05 00:00:00+00:00,4.800000190734863,4.800000190734863,5.050000190734863,4.75,4.849999904632568,212223
2018-10-08 00:00:00+00:00,4.400000095367432,4.400000095367432,4.900000095367432,4.349999904632568,4.699999809265137,403836
2018-10-09 00:00:00+00:00,4.25,4.25,4.449999809265137,4.150000095367432,4.300000190734863,216769
2018-10-10 00:00:00+00:00,4.449999809265137,4.449999809265137,4.5,4.25,4.5,96588
2018-10-11 00:00:00+00:00,4.449999809265137,4.449999809265137,4.75,4.300000190734863,4.550000190734863,114108
2018-10-12 00:00:00+00:00,4.800000190734863,4.800000190734863,4.849999904632568,4.599999904632568,4.75,200701
2018-10-15 00:00:00+00:00,4.599999904632568,4.599999904632568,4.900000095367432,4.5,4.900000095367432,140327
2018-10-16 00:00:00+00:00,4.550000190734863,4.550000190734863,4.849999904632568,4.5,4.75,298199
2018-10-17 00:00:00+00:00,4.5,4.5,4.699999809265137,4.199999809265137,4.699999809265137,172979
2018-10-19 00:00:00+00:00,4.599999904632568,4.599999904632568,4.900000095367432,4.400000095367432,4.400000095367432,167062
2018-10-22 00:00:00+00:00,4.400000095367432,4.400000095367432,4.800000190734863,4.400000095367432,4.800000190734863,163331
2018-10-23 00:00:00+00:00,4.400000095367432,4.400000095367432,4.599999904632568,4.349999904632568,4.449999809265137,152639
2018-10-24 00:00:00+00:00,4.349999904632568,4.349999904632568,4.599999904632568,4.349999904632568,4.599999904632568,82138
2018-10-25 00:00:00+00:00,4.400000095367432,4.400000095367432,4.449999809265137,4.25,4.349999904632568,111342
2018-10-26 00:00:00+00:00,4.300000190734863,4.300000190734863,4.449999809265137,4.300000190734863,4.300000190734863,50575
2018-10-29 00:00:00+00:00,4.349999904632568,4.349999904632568,4.599999904632568,4.25,4.599999904632568,58766
2018-10-30 00:00:00+00:00,4.400000095367432,4.400000095367432,4.5,4.349999904632568,4.5,45569
2018-10-31 00:00:00+00:00,4.25,4.25,4.449999809265137,4.199999809265137,4.449999809265137,224751
2018-11-01 00:00:00+00:00,4.300000190734863,4.300000190734863,4.400000095367432,4.199999809265137,4.349999904632568,127361
2018-11-02 00:00:00+00:00,4.349999904632568,4.349999904632568,4.550000190734863,4.25,4.349999904632568,170789
2018-11-05 00:00:00+00:00,4.25,4.25,4.349999904632568,4.25,4.300000190734863,200491
2018-11-06 00:00:00+00:00,4.349999904632568,4.349999904632568,4.449999809265137,4.25,4.300000190734863,144986
2018-11-07 00:00:00+00:00,4.400000095367432,4.400000095367432,4.5,4.300000190734863,4.5,56776
2018-11-09 00:00:00+00:00,4.5,4.5,4.599999904632568,4.449999809265137,4.5,299441
2018-11-12 00:00:00+00:00,4.599999904632568,4.599999904632568,4.699999809265137,4.5,4.699999809265137,115750
2018-11-13 00:00:00+00:00,4.699999809265137,4.699999809265137,4.699999809265137,4.5,4.699999809265137,56399
2018-11-14 00:00:00+00:00,4.75,4.75,5.099999904632568,4.599999904632568,4.75,129083
2018-11-15 00:00:00+00:00,4.650000095367432,4.650000095367432,4.849999904632568,4.599999904632568,4.650000095367432,124813
2018-11-16 00:00:00+00:00,4.650000095367432,4.650000095367432,4.849999904632568,4.5,4.650000095367432,227569
2018-11-19 00:00:00+00:00,4.5,4.5,4.699999809265137,4.5,4.650000095367432,65199
2018-11-20 00:00:00+00:00,4.5,4.5,4.599999904632568,4.449999809265137,4.550000190734863,108867
2018-11-21 00:00:00+00:00,4.400000095367432,4.400000095367432,4.599999904632568,4.400000095367432,4.550000190734863,101849
2018-11-22 00:00:00+00:00,4.400000095367432,4.400000095367432,4.5,4.349999904632568,4.5,59688
2018-11-26 00:00:00+00:00,4.25,4.25,4.449999809265137,4.25,4.449999809265137,125341
2018-11-27 00:00:00+00:00,4.400000095367432,4.400000095367432,4.449999809265137,4.25,4.349999904632568,48312
2018-11-28 00:00:00+00:00,4.25,4.25,4.449999809265137,4.25,4.449999809265137,119450
2018-11-29 00:00:00+00:00,4.25,4.25,4.349999904632568,4.199999809265137,4.349999904632568,101020
2018-11-30 00:00:00+00:00,4.300000190734863,4.300000190734863,4.349999904632568,4.25,4.25,80635
2018-12-03 00:00:00+00:00,4.25,4.25,4.400000095367432,4.25,4.300000190734863,96754
2018-12-04 00:00:00+00:00,4.300000190734863,4.300000190734863,4.300000190734863,4.199999809265137,4.25,41298
2018-12-05 00:00:00+00:00,4.199999809265137,4.199999809265137,4.300000190734863,4.199999809265137,4.25,94339
2018-12-06 00:00:00+00:00,4.150000095367432,4.150000095367432,4.300000190734863,4.050000190734863,4.199999809265137,102126
2018-12-07 00:00:00+00:00,4.199999809265137,4.199999809265137,4.349999904632568,4.050000190734863,4.199999809265137,107081
2018-12-10 00:00:00+00:00,4.099999904632568,4.099999904632568,4.300000190734863,4.050000190734863,4.25,84308
2018-12-11 00:00:00+00:00,4.150000095367432,4.150000095367432,4.199999809265137,4.0,4.050000190734863,141740
2018-12-12 00:00:00+00:00,4.349999904632568,4.349999904632568,4.449999809265137,4.0,4.25,157179
2018-12-13 00:00:00+00:00,4.25,4.25,4.449999809265137,4.199999809265137,4.349999904632568,75552
2018-12-14 00:00:00+00:00,4.25,4.25,4.349999904632568,4.150000095367432,4.349999904632568,98642
2018-12-17 00:00:00+00:00,4.150000095367432,4.150000095367432,4.349999904632568,4.099999904632568,4.300000190734863,86385
2018-12-18 00:00:00+00:00,4.25,4.25,4.300000190734863,4.099999904632568,4.150000095367432,62983
2018-12-19 00:00:00+00:00,4.349999904632568,4.349999904632568,4.400000095367432,4.199999809265137,4.199999809265137,131993
2018-12-20 00:00:00+00:00,4.349999904632568,4.349999904632568,4.400000095367432,4.300000190734863,4.400000095367432,99927
2018-12-21 00:00:00+00:00,4.400000095367432,4.400000095367432,4.449999809265137,4.300000190734863,4.400000095367432,70249
2018-12-24 00:00:00+00:00,4.25,4.25,4.449999809265137,4.25,4.449999809265137,49933
2018-12-26 00:00:00+00:00,4.349999904632568,4.349999904632568,4.400000095367432,4.199999809265137,4.25,101130
2018-12-27 00:00:00+00:00,4.449999809265137,4.449999809265137,4.5,4.300000190734863,4.400000095367432,143115
2018-12-28 00:00:00+00:00,4.400000095367432,4.400000095367432,4.599999904632568,4.300000190734863,4.5,136645
2018-12-31 00:00:00+00:00,4.400000095367432,4.400000095367432,4.449999809265137,4.349999904632568,4.349999904632568,143673
2019-01-01 00:00:00+00:00,4.349999904632568,4.349999904632568,4.449999809265137,4.349999904632568,4.449999809265137,53486
2019-01-02 00:00:00+00:00,4.349999904632568,4.349999904632568,4.449999809265137,4.300000190734863,4.449999809265137,46014
2019-01-03 00:00:00+00:00,4.349999904632568,4.349999904632568,4.400000095367432,4.300000190734863,4.300000190734863,77291
2019-01-04 00:00:00+00:00,4.349999904632568,4.349999904632568,4.449999809265137,4.25,4.300000190734863,122176
2019-01-07 00:00:00+00:00,4.300000190734863,4.300000190734863,4.400000095367432,4.300000190734863,4.349999904632568,43426
2019-01-08 00:00:00+00:00,4.349999904632568,4.349999904632568,4.400000095367432,4.300000190734863,4.400000095367432,18730
2019-01-09 00:00:00+00:00,4.25,4.25,4.349999904632568,4.25,4.300000190734863,49220
2019-01-10 00:00:00+00:00,4.199999809265137,4.199999809265137,4.349999904632568,4.099999904632568,4.25,134605
2019-01-11 00:00:00+00:00,4.199999809265137,4.199999809265137,4.25,4.199999809265137,4.25,41638
2019-01-14 00:00:00+00:00,4.150000095367432,4.150000095367432,4.300000190734863,4.150000095367432,4.300000190734863,64396
2019-01-15 00:00:00+00:00,4.199999809265137,4.199999809265137,4.25,4.199999809265137,4.25,65662
2019-01-16 00:00:00+00:00,4.099999904632568,4.099999904632568,4.25,4.050000190734863,4.150000095367432,176309
2019-01-17 00:00:00+00:00,4.150000095367432,4.150000095367432,4.150000095367432,4.050000190734863,4.099999904632568,92928
2019-01-18 00:00:00+00:00,4.150000095367432,4.150000095367432,4.150000095367432,4.0,4.150000095367432,133759
2019-01-21 00:00:00+00:00,3.950000047683716,3.950000047683716,4.199999809265137,3.8499999046325684,4.150000095367432,335139
2019-01-22 00:00:00+00:00,3.9000000953674316,3.9000000953674316,4.050000190734863,3.9000000953674316,4.0,135440
2019-01-23 00:00:00+00:00,3.950000047683716,3.950000047683716,4.0,3.9000000953674316,4.0,63068
2019-01-24 00:00:00+00:00,4.0,4.0,4.050000190734863,3.9000000953674316,3.950000047683716,126933
2019-01-25 00:00:00+00:00,3.9000000953674316,3.9000000953674316,4.099999904632568,3.9000000953674316,4.050000190734863,63334
2019-01-28 00:00:00+00:00,3.799999952316284,3.799999952316284,4.0,3.5999999046325684,3.9000000953674316,212421
2019-01-29 00:00:00+00:00,3.700000047683716,3.700000047683716,3.950000047683716,3.700000047683716,3.950000047683716,48760
2019-01-30 00:00:00+00:00,3.799999952316284,3.799999952316284,3.9000000953674316,3.5999999046325684,3.9000000953674316,121978
2019-01-31 00:00:00+00:00,3.8499999046325684,3.8499999046325684,3.950000047683716,3.700000047683716,3.799999952316284,101171
2019-02-01 00:00:00+00:00,3.799999952316284,3.799999952316284,3.950000047683716,3.75,3.8499999046325684,62480
2019-02-04 00:00:00+00:00,3.799999952316284,3.799999952316284,3.9000000953674316,3.799999952316284,3.9000000953674316,49047
2019-02-05 00:00:00+00:00,3.700000047683716,3.700000047683716,3.9000000953674316,3.5999999046325684,3.700000047683716,74381
2019-02-06 00:00:00+00:00,3.450000047683716,3.450000047683716,3.799999952316284,3.4000000953674316,3.799999952316284,145032
2019-02-07 00:00:00+00:00,3.299999952316284,3.299999952316284,3.5,3.200000047683716,3.200000047683716,220730
2019-02-08 00:00:00+00:00,3.299999952316284,3.299999952316284,3.700000047683716,3.299999952316284,3.5,304366
2019-02-11 00:00:00+00:00,3.3499999046325684,3.3499999046325684,3.5,3.3499999046325684,3.4000000953674316,55400
2019-02-12 00:00:00+00:00,3.25,3.25,3.450000047683716,3.0999999046325684,3.4000000953674316,184305
2019-02-14 00:00:00+00:00,3.200000047683716,3.200000047683716,3.3499999046325684,3.1500000953674316,3.3499999046325684,172247
2019-02-15 00:00:00+00:00,3.3499999046325684,3.3499999046325684,3.5,3.1500000953674316,3.25,205696
2019-02-18 00:00:00+00:00,3.25,3.25,3.5,3.1500000953674316,3.3499999046325684,134036
2019-02-19 00:00:00+00:00,3.1500000953674316,3.1500000953674316,3.25,3.0999999046325684,3.25,124612
2019-02-20 00:00:00+00:00,3.25,3.25,3.4000000953674316,3.049999952316284,3.049999952316284,94622
2019-02-21 00:00:00+00:00,3.450000047683716,3.450000047683716,3.5,3.25,3.3499999046325684,271184
2019-02-22 00:00:00+00:00,3.75,3.75,3.9000000953674316,3.5,3.6500000953674316,148231
2019-02-25 00:00:00+00:00,4.300000190734863,4.300000190734863,4.349999904632568,3.950000047683716,4.099999904632568,647967
2019-02-26 00:00:00+00:00,3.8499999046325684,3.8499999046325684,4.349999904632568,3.75,4.349999904632568,593945
2019-02-27 00:00:00+00:00,3.8499999046325684,3.8499999046325684,4.050000190734863,3.799999952316284,3.950000047683716,168847
2019-02-28 00:00:00+00:00,3.75,3.75,4.0,3.549999952316284,3.75,136774
2019-03-01 00:00:00+00:00,3.9000000953674316,3.9000000953674316,3.950000047683716,3.700000047683716,3.9000000953674316,110128
2019-03-05 00:00:00+00:00,4.300000190734863,4.300000190734863,4.449999809265137,3.9000000953674316,4.0,313481
2019-03-06 00:00:00+00:00,4.449999809265137,4.449999809265137,4.650000095367432,4.300000190734863,4.449999809265137,157317
2019-03-07 00:00:00+00:00,4.349999904632568,4.349999904632568,4.699999809265137,4.25,4.699999809265137,127521
2019-03-08 00:00:00+00:00,4.199999809265137,4.199999809265137,4.400000095367432,4.150000095367432,4.400000095367432,109708
2019-03-11 00:00:00+00:00,4.150000095367432,4.150000095367432,4.300000190734863,4.0,4.099999904632568,172309
2019-03-12 00:00:00+00:00,4.25,4.25,4.349999904632568,3.549999952316284,4.25,207261
2019-03-13 00:00:00+00:00,4.25,4.25,4.650000095367432,4.050000190734863,4.650000095367432,43052
2019-03-14 00:00:00+00:00,4.199999809265137,4.199999809265137,4.300000190734863,4.099999904632568,4.099999904632568,40315
2019-03-15 00:00:00+00:00,4.150000095367432,4.150000095367432,4.349999904632568,4.099999904632568,4.150000095367432,54205
2019-03-18 00:00:00+00:00,4.150000095367432,4.150000095367432,4.25,4.099999904632568,4.25,97140
2019-03-19 00:00:00+00:00,3.9000000953674316,3.9000000953674316,4.199999809265137,3.9000000953674316,4.199999809265137,340854
2019-03-20 00:00:00+00:00,3.950000047683716,3.950000047683716,4.099999904632568,3.799999952316284,3.9000000953674316,301803
2019-03-22 00:00:00+00:00,4.0,4.0,4.050000190734863,3.950000047683716,4.0,111242
2019-03-25 00:00:00+00:00,3.950000047683716,3.950000047683716,4.0,3.799999952316284,4.0,84837
2019-03-26 00:00:00+00:00,3.8499999046325684,3.8499999046325684,4.0,3.799999952316284,3.799999952316284,54310
2019-03-27 00:00:00+00:00,3.700000047683716,3.700000047683716,3.950000047683716,3.6500000953674316,3.8499999046325684,277005
2019-03-28 00:00:00+00:00,3.9000000953674316,3.9000000953674316,3.950000047683716,3.700000047683716,3.75,154613
2019-04-01 00:00:00+00:00,3.5,3.5,3.6500000953674316,3.4000000953674316,3.549999952316284,518685
2019-04-02 00:00:00+00:00,3.549999952316284,3.549999952316284,3.5999999046325684,3.450000047683716,3.549999952316284,187115
2019-04-03 00:00:00+00:00,3.549999952316284,3.549999952316284,3.700000047683716,3.5,3.549999952316284,261539
2019-04-04 00:00:00+00:00,3.5,3.5,3.549999952316284,3.450000047683716,3.549999952316284,133844
2019-04-05 00:00:00+00:00,3.5,3.5,3.549999952316284,3.450000047683716,3.549999952316284,87465
2019-04-08 00:00:00+00:00,3.5999999046325684,3.5999999046325684,3.5999999046325684,3.4000000953674316,3.450000047683716,201628
2019-04-09 00:00:00+00:00,3.5,3.5,3.5999999046325684,3.5,3.5,50771
2019-04-10 00:00:00+00:00,3.4000000953674316,3.4000000953674316,3.6500000953674316,3.299999952316284,3.5999999046325684,542576
2019-04-11 00:00:00+00:00,3.4000000953674316,3.4000000953674316,3.5,3.299999952316284,3.3499999046325684,148068
2019-04-12 00:00:00+00:00,3.4000000953674316,3.4000000953674316,3.450000047683716,3.299999952316284,3.4000000953674316,215071
2019-04-15 00:00:00+00:00,3.3499999046325684,3.3499999046325684,3.450000047683716,3.299999952316284,3.450000047683716,155696
2019-04-16 00:00:00+00:00,3.4000000953674316,3.4000000953674316,3.4000000953674316,3.299999952316284,3.4000000953674316,121593
2019-04-18 00:00:00+00:00,3.4000000953674316,3.4000000953674316,3.450000047683716,3.3499999046325684,3.4000000953674316,112380
2019-04-22 00:00:00+00:00,3.4000000953674316,3.4000000953674316,3.5,3.4000000953674316,3.450000047683716,70278
2019-04-23 00:00:00+00:00,3.4000000953674316,3.4000000953674316,3.5999999046325684,3.4000000953674316,3.5,139030
2019-04-24 00:00:00+00:00,3.3499999046325684,3.3499999046325684,3.5,3.3499999046325684,3.450000047683716,190543
2019-04-25 00:00:00+00:00,3.6500000953674316,3.6500000953674316,3.950000047683716,3.4000000953674316,3.450000047683716,603550
2019-04-26 00:00:00+00:00,3.75,3.75,4.25,3.5999999046325684,3.75,780932
2019-04-30 00:00:00+00:00,3.8499999046325684,3.8499999046325684,4.099999904632568,3.75,4.099999904632568,314948
2019-05-02 00:00:00+00:00,3.8499999046325684,3.8499999046325684,4.050000190734863,3.700000047683716,3.700000047683716,214455
2019-05-03 00:00:00+00:00,3.799999952316284,3.799999952316284,3.950000047683716,3.700000047683716,3.950000047683716,162952
2019-05-06 00:00:00+00:00,3.75,3.75,3.8499999046325684,3.5999999046325684,3.8499999046325684,138348
2019-05-07 00:00:00+00:00,3.6500000953674316,3.6500000953674316,3.75,3.5999999046325684,3.75,102559
2019-05-08 00:00:00+00:00,3.5,3.5,3.700000047683716,3.450000047683716,3.6500000953674316,117589
2019-05-09 00:00:00+00:00,3.549999952316284,3.549999952316284,3.5999999046325684,3.4000000953674316,3.5,128678
2019-05-10 00:00:00+00:00,3.5,3.5,3.5999999046325684,3.450000047683716,3.5,54726
2019-05-13 00:00:00+00:00,3.299999952316284,3.299999952316284,3.549999952316284,3.299999952316284,3.5,178489
2019-05-14 00:00:00+00:00,3.3499999046325684,3.3499999046325684,3.4000000953674316,3.25,3.3499999046325684,109179
2019-05-15 00:00:00+00:00,3.450000047683716,3.450000047683716,3.549999952316284,3.3499999046325684,3.4000000953674316,67215
2019-05-16 00:00:00+00:00,3.5,3.5,3.5999999046325684,3.3499999046325684,3.5999999046325684,191606
2019-05-17 00:00:00+00:00,3.5,3.5,3.5999999046325684,3.4000000953674316,3.5999999046325684,82031
2019-05-20 00:00:00+00:00,3.549999952316284,3.549999952316284,3.700000047683716,3.5,3.549999952316284,165683
2019-05-21 00:00:00+00:00,3.549999952316284,3.549999952316284,3.5999999046325684,3.450000047683716,3.5999999046325684,52057
2019-05-22 00:00:00+00:00,3.5,3.5,3.549999952316284,3.4000000953674316,3.549999952316284,83119
2019-05-23 00:00:00+00:00,3.5999999046325684,3.5999999046325684,3.75,3.4000000953674316,3.549999952316284,367105
2019-05-24 00:00:00+00:00,4.0,4.0,4.050000190734863,3.549999952316284,3.5999999046325684,371212
2019-05-27 00:00:00+00:00,3.950000047683716,3.950000047683716,4.0,3.9000000953674316,3.950000047683716,168459
2019-05-28 00:00:00+00:00,3.9000000953674316,3.9000000953674316,4.0,3.8499999046325684,4.0,65044
2019-05-29 00:00:00+00:00,3.799999952316284,3.799999952316284,3.950000047683716,3.5999999046325684,3.9000000953674316,103430
2019-05-30 00:00:00+00:00,3.8499999046325684,3.8499999046325684,4.050000190734863,3.6500000953674316,3.8499999046325684,265523
2019-05-31 00:00:00+00:00,3.5,3.5,3.799999952316284,3.0999999046325684,3.799999952316284,1195314
2019-06-03 00:00:00+00:00,3.4000000953674316,3.4000000953674316,3.5,3.3499999046325684,3.5,196184
2019-06-04 00:00:00+00:00,3.299999952316284,3.299999952316284,3.4000000953674316,3.25,3.4000000953674316,345801
2019-06-06 00:00:00+00:00,3.25,3.25,3.4000000953674316,3.25,3.299999952316284,305118
2019-06-07 00:00:00+00:00,3.3499999046325684,3.3499999046325684,3.4000000953674316,3.25,3.3499999046325684,230462
2019-06-10 00:00:00+00:00,3.25,3.25,3.3499999046325684,3.200000047683716,3.3499999046325684,146411
2019-06-11 00:00:00+00:00,3.299999952316284,3.299999952316284,3.3499999046325684,3.25,3.3499999046325684,53178
2019-06-12 00:00:00+00:00,3.299999952316284,3.299999952316284,3.299999952316284,3.25,3.299999952316284,50175
2019-06-13 00:00:00+00:00,3.3499999046325684,3.3499999046325684,3.3499999046325684,3.25,3.299999952316284,186622
2019-06-14 00:00:00+00:00,3.25,3.25,3.299999952316284,3.200000047683716,3.25,120667
2019-06-17 00:00:00+00:00,3.0999999046325684,3.0999999046325684,3.299999952316284,3.0999999046325684,3.299999952316284,147106
2019-06-18 00:00:00+00:00,3.200000047683716,3.200000047683716,3.200000047683716,3.0999999046325684,3.1500000953674316,82627
2019-06-19 00:00:00+00:00,3.0999999046325684,3.0999999046325684,3.25,3.0999999046325684,3.1500000953674316,60398
2019-06-20 00:00:00+00:00,3.1500000953674316,3.1500000953674316,3.1500000953674316,3.049999952316284,3.0999999046325684,55366
2019-06-21 00:00:00+00:00,3.0999999046325684,3.0999999046325684,3.299999952316284,3.049999952316284,3.200000047683716,295388
2019-06-24 00:00:00+00:00,3.1500000953674316,3.1500000953674316,3.200000047683716,3.0999999046325684,3.1500000953674316,86013
2019-06-25 00:00:00+00:00,3.049999952316284,3.049999952316284,3.1500000953674316,3.0,3.1500000953674316,141501
2019-06-26 00:00:00+00:00,3.049999952316284,3.049999952316284,3.0999999046325684,3.049999952316284,3.0999999046325684,42883
2019-06-27 00:00:00+00:00,3.049999952316284,3.049999952316284,3.0999999046325684,3.0,3.049999952316284,98969
2019-06-28 00:00:00+00:00,3.0,3.0,3.0999999046325684,3.0,3.049999952316284,61541
2019-07-01 00:00:00+00:00,3.0,3.0,3.049999952316284,2.950000047683716,3.0,78574
2019-07-02 00:00:00+00:00,3.0,3.0,3.049999952316284,2.9000000953674316,2.950000047683716,82045
2019-07-03 00:00:00+00:00,2.6500000953674316,2.6500000953674316,3.0,2.5999999046325684,3.0,580753
2019-07-04 00:00:00+00:00,2.700000047683716,2.700000047683716,2.799999952316284,2.5999999046325684,2.6500000953674316,350531
2019-07-05 00:00:00+00:00,2.6500000953674316,2.6500000953674316,2.75,2.5,2.75,218194
2019-07-08 00:00:00+00:00,2.200000047683716,2.200000047683716,2.700000047683716,2.1500000953674316,2.700000047683716,957654
2019-07-09 00:00:00+00:00,2.5999999046325684,2.5999999046325684,2.5999999046325684,2.1500000953674316,2.299999952316284,460089
2019-07-10 00:00:00+00:00,3.049999952316284,3.049999952316284,3.0999999046325684,2.700000047683716,2.9000000953674316,936263
2019-07-11 00:00:00+00:00,3.5999999046325684,3.5999999046325684,3.6500000953674316,2.950000047683716,3.1500000953674316,1799724
2019-07-12 00:00:00+00:00,3.299999952316284,3.299999952316284,3.799999952316284,3.200000047683716,3.549999952316284,943159
2019-07-15 00:00:00+00:00,2.950000047683716,2.950000047683716,3.3499999046325684,2.799999952316284,3.0999999046325684,475330
2019-07-16 00:00:00+00:00,2.8499999046325684,2.8499999046325684,3.0,2.75,3.0,103069
2019-07-17 00:00:00+00:00,2.950000047683716,2.950000047683716,3.049999952316284,2.799999952316284,2.9000000953674316,205359
2019-07-18 00:00:00+00:00,2.700000047683716,2.700000047683716,3.049999952316284,2.6500000953674316,3.0,376686
2019-07-19 00:00:00+00:00,2.6500000953674316,2.6500000953674316,2.8499999046325684,2.5999999046325684,2.8499999046325684,174982
2019-07-22 00:00:00+00:00,2.5,2.5,2.75,2.4000000953674316,2.700000047683716,139800
2019-07-23 00:00:00+00:00,2.549999952316284,2.549999952316284,2.700000047683716,2.25,2.5999999046325684,94216
2019-07-24 00:00:00+00:00,2.5,2.5,2.5999999046325684,2.4000000953674316,2.5999999046325684,164682
2019-07-25 00:00:00+00:00,2.5,2.5,2.6500000953674316,2.4000000953674316,2.5,136374
2019-07-26 00:00:00+00:00,2.549999952316284,2.549999952316284,2.5999999046325684,2.0999999046325684,2.4000000953674316,162855
2019-07-29 00:00:00+00:00,2.5,2.5,2.5999999046325684,2.450000047683716,2.5999999046325684,103750
2019-07-30 00:00:00+00:00,2.299999952316284,2.299999952316284,2.549999952316284,2.25,2.549999952316284,137032
2019-07-31 00:00:00+00:00,2.299999952316284,2.299999952316284,2.4000000953674316,2.200000047683716,2.200000047683716,78347
2019-08-01 00:00:00+00:00,2.200000047683716,2.200000047683716,2.3499999046325684,2.1500000953674316,2.200000047683716,182372
2019-08-02 00:00:00+00:00,2.25,2.25,2.3499999046325684,2.049999952316284,2.200000047683716,201173
2019-08-05 00:00:00+00:00,2.299999952316284,2.299999952316284,2.3499999046325684,2.1500000953674316,2.200000047683716,121636
2019-08-06 00:00:00+00:00,2.25,2.25,2.3499999046325684,2.200000047683716,2.200000047683716,58339
2019-08-07 00:00:00+00:00,2.1500000953674316,2.1500000953674316,2.299999952316284,2.1500000953674316,2.299999952316284,46557
2019-08-08 00:00:00+00:00,2.1500000953674316,2.1500000953674316,2.25,2.1500000953674316,2.200000047683716,73037
2019-08-09 00:00:00+00:00,2.200000047683716,2.200000047683716,2.299999952316284,2.1500000953674316,2.200000047683716,68761
2019-08-13 00:00:00+00:00,2.0999999046325684,2.0999999046325684,2.25,2.0999999046325684,2.1500000953674316,84414
2019-08-14 00:00:00+00:00,2.0,2.0,2.200000047683716,1.9500000476837158,2.200000047683716,117366
2019-08-16 00:00:00+00:00,1.7999999523162842,1.7999999523162842,1.9500000476837158,1.7999999523162842,1.9500000476837158,226774
2019-08-19 00:00:00+00:00,1.649999976158142,1.649999976158142,1.850000023841858,1.649999976158142,1.7999999523162842,207883
2019-08-20 00:00:00+00:00,1.600000023841858,1.600000023841858,1.7000000476837158,1.600000023841858,1.7000000476837158,231107
2019-08-21 00:00:00+00:00,1.5499999523162842,1.5499999523162842,1.600000023841858,1.5499999523162842,1.600000023841858,58946
2019-08-22 00:00:00+00:00,1.5,1.5,1.5,1.5,1.5,12651
2019-08-23 00:00:00+00:00,1.4500000476837158,1.4500000476837158,1.4500000476837158,1.4500000476837158,1.4500000476837158,9756
2019-08-26 00:00:00+00:00,1.399999976158142,1.399999976158142,1.4500000476837158,1.399999976158142,1.399999976158142,49471
2019-08-27 00:00:00+00:00,1.350000023841858,1.350000023841858,1.4500000476837158,1.350000023841858,1.350000023841858,254955
2019-08-28 00:00:00+00:00,1.2999999523162842,1.2999999523162842,1.399999976158142,1.2999999523162842,1.2999999523162842,79576
2019-08-29 00:00:00+00:00,1.25,1.25,1.25,1.25,1.25,6470
2019-08-30 00:00:00+00:00,1.2000000476837158,1.2000000476837158,1.2000000476837158,1.2000000476837158,1.2000000476837158,72073
2019-09-03 00:00:00+00:00,1.149999976158142,1.149999976158142,1.2000000476837158,1.149999976158142,1.149999976158142,103066
2019-09-04 00:00:00+00:00,1.100000023841858,1.100000023841858,1.100000023841858,1.100000023841858,1.100000023841858,33194
2019-09-05 00:00:00+00:00,1.0499999523162842,1.0499999523162842,1.149999976158142,1.0499999523162842,1.0499999523162842,431793
2019-09-06 00:00:00+00:00,1.100000023841858,1.100000023841858,1.100000023841858,1.0499999523162842,1.0499999523162842,32258
2019-09-09 00:00:00+00:00,1.149999976158142,1.149999976158142,1.149999976158142,1.100000023841858,1.149999976158142,271527
2019-09-11 00:00:00+00:00,1.2000000476837158,1.2000000476837158,1.2000000476837158,1.100000023841858,1.100000023841858,22912
2019-09-12 00:00:00+00:00,1.25,1.25,1.25,1.25,1.25,7262
2019-09-13 00:00:00+00:00,1.2999999523162842,1.2999999523162842,1.2999999523162842,1.2999999523162842,1.2999999523162842,12374
2019-09-16 00:00:00+00:00,1.350000023841858,1.350000023841858,1.350000023841858,1.350000023841858,1.350000023841858,8302
2019-09-17 00:00:00+00:00,1.399999976158142,1.399999976158142,1.399999976158142,1.399999976158142,1.399999976158142,725
2019-09-18 00:00:00+00:00,1.4500000476837158,1.4500000476837158,1.4500000476837158,1.4500000476837158,1.4500000476837158,2810
2019-09-19 00:00:00+00:00,1.5,1.5,1.5,1.5,1.5,12249
2019-09-20 00:00:00+00:00,1.5499999523162842,1.5499999523162842,1.5499999523162842,1.5499999523162842,1.5499999523162842,40902
2019-09-23 00:00:00+00:00,1.600000023841858,1.600000023841858,1.600000023841858,1.600000023841858,1.600000023841858,13952
2019-09-24 00:00:00+00:00,1.649999976158142,1.649999976158142,1.649999976158142,1.649999976158142,1.649999976158142,14471
2019-09-25 00:00:00+00:00,1.7000000476837158,1.7000000476837158,1.7000000476837158,1.7000000476837158,1.7000000476837158,4830
2019-09-26 00:00:00+00:00,1.75,1.75,1.75,1.7000000476837158,1.75,59639
2019-09-27 00:00:00+00:00,1.7999999523162842,1.7999999523162842,1.7999999523162842,1.7999999523162842,1.7999999523162842,2976
2019-09-30 00:00:00+00:00,1.850000023841858,1.850000023841858,1.850000023841858,1.850000023841858,1.850000023841858,4750
2019-10-01 00:00:00+00:00,1.899999976158142,1.899999976158142,1.899999976158142,1.7999999523162842,1.899999976158142,113971
2019-10-03 00:00:00+00:00,1.850000023841858,1.850000023841858,1.9500000476837158,1.850000023841858,1.899999976158142,30574
2019-10-04 00:00:00+00:00,1.7999999523162842,1.7999999523162842,1.899999976158142,1.7999999523162842,1.7999999523162842,91506
2019-10-07 00:00:00+00:00,1.75,1.75,1.75,1.75,1.75,9193
2019-10-09 00:00:00+00:00,1.7000000476837158,1.7000000476837158,1.7000000476837158,1.7000000476837158,1.7000000476837158,21938
2019-10-10 00:00:00+00:00,1.649999976158142,1.649999976158142,1.7000000476837158,1.649999976158142,1.7000000476837158,2607
2019-10-11 00:00:00+00:00,1.649999976158142,1.649999976158142,1.649999976158142,1.600000023841858,1.600000023841858,16775
2019-10-14 00:00:00+00:00,1.649999976158142,1.649999976158142,1.649999976158142,1.600000023841858,1.600000023841858,51523
2019-10-15 00:00:00+00:00,1.600000023841858,1.600000023841858,1.649999976158142,1.600000023841858,1.649999976158142,15137
2019-10-16 00:00:00+00:00,1.5499999523162842,1.5499999523162842,1.5499999523162842,1.5499999523162842,1.5499999523162842,14630
2019-10-17 00:00:00+00:00,1.5,1.5,1.5499999523162842,1.5,1.5,59181
2019-10-18 00:00:00+00:00,1.5,1.5,1.5499999523162842,1.4500000476837158,1.5,47341
2019-10-22 00:00:00+00:00,1.4500000476837158,1.4500000476837158,1.5499999523162842,1.4500000476837158,1.5499999523162842,32939
2019-10-23 00:00:00+00:00,1.399999976158142,1.399999976158142,1.5,1.399999976158142,1.4500000476837158,36002
2019-10-24 00:00:00+00:00,1.4500000476837158,1.4500000476837158,1.4500000476837158,1.350000023841858,1.399999976158142,47603
2019-10-25 00:00:00+00:00,1.4500000476837158,1.4500000476837158,1.5,1.399999976158142,1.399999976158142,40726
2019-10-27 00:00:00+00:00,1.5,1.5,1.5,1.399999976158142,1.4500000476837158,27875
2019-10-29 00:00:00+00:00,1.5,1.5,1.5,1.4500000476837158,1.5,16007
2019-10-30 00:00:00+00:00,1.4500000476837158,1.4500000476837158,1.5499999523162842,1.4500000476837158,1.5499999523162842,46318
2019-10-31 00:00:00+00:00,1.399999976158142,1.399999976158142,1.5,1.399999976158142,1.399999976158142,27355
2019-11-01 00:00:00+00:00,1.4500000476837158,1.4500000476837158,1.4500000476837158,1.350000023841858,1.350000023841858,63460
2019-11-04 00:00:00+00:00,1.4500000476837158,1.4500000476837158,1.5,1.399999976158142,1.399999976158142,58803
2019-11-05 00:00:00+00:00,1.4500000476837158,1.4500000476837158,1.5,1.4500000476837158,1.5,35734
2019-11-06 00:00:00+00:00,1.4500000476837158,1.4500000476837158,1.5,1.399999976158142,1.399999976158142,16484
2019-11-07 00:00:00+00:00,1.4500000476837158,1.4500000476837158,1.5,1.399999976158142,1.4500000476837158,44436
2019-11-08 00:00:00+00:00,1.5,1.5,1.5,1.399999976158142,1.399999976158142,100661
2019-11-11 00:00:00+00:00,1.4500000476837158,1.4500000476837158,1.5,1.4500000476837158,1.5,36506
2019-11-13 00:00:00+00:00,1.4500000476837158,1.4500000476837158,1.4500000476837158,1.399999976158142,1.399999976158142,30409
2019-11-14 00:00:00+00:00,1.399999976158142,1.399999976158142,1.4500000476837158,1.399999976158142,1.399999976158142,24869
2019-11-15 00:00:00+00:00,1.399999976158142,1.399999976158142,1.399999976158142,1.350000023841858,1.350000023841858,24649
2019-11-18 00:00:00+00:00,1.399999976158142,1.399999976158142,1.399999976158142,1.350000023841858,1.399999976158142,24276
2019-11-19 00:00:00+00:00,1.350000023841858,1.350000023841858,1.350000023841858,1.350000023841858,1.350000023841858,35600
2019-11-20 00:00:00+00:00,1.350000023841858,1.350000023841858,1.350000023841858,1.2999999523162842,1.350000023841858,60939
2019-11-21 00:00:00+00:00,1.350000023841858,1.350000023841858,1.399999976158142,1.2999999523162842,1.2999999523162842,33835
2019-11-22 00:00:00+00:00,1.2999999523162842,1.2999999523162842,1.350000023841858,1.2999999523162842,1.2999999523162842,42444
2019-11-25 00:00:00+00:00,1.25,1.25,1.2999999523162842,1.25,1.2999999523162842,44792
2019-11-26 00:00:00+00:00,1.2999999523162842,1.2999999523162842,1.2999999523162842,1.2000000476837158,1.2999999523162842,46052
2019-11-27 00:00:00+00:00,1.2999999523162842,1.2999999523162842,1.2999999523162842,1.25,1.2999999523162842,16697
2019-11-28 00:00:00+00:00,1.25,1.25,1.350000023841858,1.25,1.2999999523162842,51442
2019-11-29 00:00:00+00:00,1.2000000476837158,1.2000000476837158,1.2999999523162842,1.2000000476837158,1.2000000476837158,66165
2019-12-02 00:00:00+00:00,1.2000000476837158,1.2000000476837158,1.25,1.149999976158142,1.25,66191
2019-12-03 00:00:00+00:00,1.149999976158142,1.149999976158142,1.25,1.149999976158142,1.25,33313
2019-12-04 00:00:00+00:00,1.100000023841858,1.100000023841858,1.2000000476837158,1.100000023841858,1.2000000476837158,85463
2019-12-05 00:00:00+00:00,1.149999976158142,1.149999976158142,1.149999976158142,1.0499999523162842,1.100000023841858,75319
2019-12-06 00:00:00+00:00,1.149999976158142,1.149999976158142,1.2000000476837158,1.100000023841858,1.2000000476837158,49900
2019-12-09 00:00:00+00:00,1.100000023841858,1.100000023841858,1.149999976158142,1.100000023841858,1.100000023841858,31722
2019-12-10 00:00:00+00:00,1.0499999523162842,1.0499999523162842,1.149999976158142,1.0499999523162842,1.100000023841858,111189
2019-12-11 00:00:00+00:00,1.0499999523162842,1.0499999523162842,1.100000023841858,1.0,1.0,94231
2019-12-12 00:00:00+00:00,1.0,1.0,1.100000023841858,1.0,1.0499999523162842,189046
2019-12-13 00:00:00+00:00,1.0499999523162842,1.0499999523162842,1.0499999523162842,0.949999988079071,1.0499999523162842,72948
2019-12-16 00:00:00+00:00,1.0,1.0,1.100000023841858,1.0,1.100000023841858,178247
2019-12-17 00:00:00+00:00,1.0,1.0,1.0499999523162842,0.949999988079071,1.0,147730
2019-12-18 00:00:00+00:00,1.0,1.0,1.0499999523162842,0.949999988079071,1.0,47188
2019-12-19 00:00:00+00:00,1.0499999523162842,1.0499999523162842,1.0499999523162842,1.0,1.0,29517
2019-12-20 00:00:00+00:00,1.0,1.0,1.0499999523162842,1.0,1.0499999523162842,87113
2019-12-23 00:00:00+00:00,0.949999988079071,0.949999988079071,1.0,0.949999988079071,1.0,356649
2019-12-24 00:00:00+00:00,0.8999999761581421,0.8999999761581421,0.949999988079071,0.8999999761581421,0.949999988079071,205486
2019-12-26 00:00:00+00:00,0.8500000238418579,0.8500000238418579,0.8999999761581421,0.8500000238418579,0.8500000238418579,282854
2019-12-27 00:00:00+00:00,0.800000011920929,0.800000011920929,0.800000011920929,0.800000011920929,0.800000011920929,101199
2019-12-30 00:00:00+00:00,0.75,0.75,0.800000011920929,0.75,0.75,192157
2019-12-31 00:00:00+00:00,0.699999988079071,0.699999988079071,0.699999988079071,0.699999988079071,0.699999988079071,149219
2020-01-01 00:00:00+00:00,0.75,0.75,0.75,0.6499999761581421,0.6499999761581421,313178
2020-01-02 00:00:00+00:00,0.800000011920929,0.800000011920929,0.800000011920929,0.75,0.800000011920929,395742
2020-01-03 00:00:00+00:00,0.8500000238418579,0.8500000238418579,0.8500000238418579,0.800000011920929,0.8500000238418579,95880
2020-01-06 00:00:00+00:00,0.8999999761581421,0.8999999761581421,0.8999999761581421,0.8999999761581421,0.8999999761581421,159292
2020-01-07 00:00:00+00:00,0.949999988079071,0.949999988079071,0.949999988079071,0.8999999761581421,0.949999988079071,264122
2020-01-08 00:00:00+00:00,0.8999999761581421,0.8999999761581421,1.0,0.8999999761581421,1.0,336571
2020-01-09 00:00:00+00:00,0.949999988079071,0.949999988079071,0.949999988079071,0.8999999761581421,0.8999999761581421,235142
2020-01-10 00:00:00+00:00,1.0,1.0,1.0,0.949999988079071,1.0,258291
2020-01-13 00:00:00+00:00,1.0499999523162842,1.0499999523162842,1.0499999523162842,1.0,1.0499999523162842,138299
2020-01-14 00:00:00+00:00,1.100000023841858,1.100000023841858,1.100000023841858,1.100000023841858,1.100000023841858,46510
2020-01-15 00:00:00+00:00,1.149999976158142,1.149999976158142,1.149999976158142,1.149999976158142,1.149999976158142,114783
2020-01-16 00:00:00+00:00,1.100000023841858,1.100000023841858,1.2000000476837158,1.100000023841858,1.2000000476837158,181134
2020-01-17 00:00:00+00:00,1.0499999523162842,1.0499999523162842,1.0499999523162842,1.0499999523162842,1.0499999523162842,59540
2020-01-20 00:00:00+00:00,1.0,1.0,1.0,1.0,1.0,15185
2020-01-21 00:00:00+00:00,0.949999988079071,0.949999988079071,1.0499999523162842,0.949999988079071,0.949999988079071,223948
2020-01-22 00:00:00+00:00,0.8999999761581421,0.8999999761581421,1.0,0.8999999761581421,0.949999988079071,182457
2020-01-23 00:00:00+00:00,0.8500000238418579,0.8500000238418579,0.949999988079071,0.8500000238418579,0.8999999761581421,381955
2020-01-24 00:00:00+00:00,0.8999999761581421,0.8999999761581421,0.8999999761581421,0.8500000238418579,0.8999999761581421,165036
2020-01-27 00:00:00+00:00,0.8999999761581421,0.8999999761581421,0.8999999761581421,0.8500000238418579,0.8999999761581421,102887
2020-01-28 00:00:00+00:00,0.8500000238418579,0.8500000238418579,0.8999999761581421,0.8500000238418579,0.8500000238418579,126280
2020-01-29 00:00:00+00:00,0.8999999761581421,0.8999999761581421,0.8999999761581421,0.800000011920929,0.8500000238418579,183774
2020-01-30 00:00:00+00:00,0.8500000238418579,0.8500000238418579,0.8999999761581421,0.8500000238418579,0.8500000238418579,37675
2020-01-31 00:00:00+00:00,0.8999999761581421,0.8999999761581421,0.8999999761581421,0.800000011920929,0.8500000238418579,170285
2020-02-03 00:00:00+00:00,0.8999999761581421,0.8999999761581421,1.0,0.8999999761581421,1.0,160939
2020-02-04 00:00:00+00:00,0.8500000238418579,0.8500000238418579,0.949999988079071,0.8500000238418579,0.8999999761581421,104186
2020-02-05 00:00:00+00:00,0.8500000238418579,0.8500000238418579,0.8999999761581421,0.8500000238418579,0.8500000238418579,135640
2020-02-06 00:00:00+00:00,0.8999999761581421,0.8999999761581421,0.8999999761581421,0.8500000238418579,0.8999999761581421,54285
2020-02-07 00:00:00+00:00,0.8500000238418579,0.8500000238418579,0.8999999761581421,0.8500000238418579,0.8999999761581421,189712
2020-02-10 00:00:00+00:00,0.8500000238418579,0.8500000238418579,0.8999999761581421,0.800000011920929,0.800000011920929,59585
2020-02-11 00:00:00+00:00,0.8999999761581421,0.8999999761581421,0.8999999761581421,0.800000011920929,0.8500000238418579,312544
2020-02-12 00:00:00+00:00,0.8999999761581421,0.8999999761581421,0.949999988079071,0.8500000238418579,0.8999999761581421,93273
2020-02-13 00:00:00+00:00,0.8999999761581421,0.8999999761581421,0.949999988079071,0.8500000238418579,0.949999988079071,58994
2020-02-14 00:00:00+00:00,0.8500000238418579,0.8500000238418579,0.949999988079071,0.8500000238418579,0.8500000238418579,202388
2020-02-17 00:00:00+00:00,0.8500000238418579,0.8500000238418579,0.8500000238418579,0.800000011920929,0.800000011920929,144936
2020-02-18 00:00:00+00:00,0.800000011920929,0.800000011920929,0.8500000238418579,0.800000011920929,0.800000011920929,98094
2020-02-19 00:00:00+00:00,0.800000011920929,0.800000011920929,0.8500000238418579,0.75,0.75,141386
2020-02-20 00:00:00+00:00,0.800000011920929,0.800000011920929,0.8500000238418579,0.75,0.800000011920929,37706
2020-02-24 00:00:00+00:00,0.800000011920929,0.800000011920929,0.800000011920929,0.75,0.800000011920929,75371
2020-02-25 00:00:00+00:00,0.800000011920929,0.800000011920929,0.8500000238418579,0.75,0.75,44897
2020-02-26 00:00:00+00:00,0.800000011920929,0.800000011920929,0.800000011920929,0.75,0.800000011920929,93361
2020-02-27 00:00:00+00:00,0.75,0.75,0.800000011920929,0.75,0.75,128512
2020-02-28 00:00:00+00:00,0.699999988079071,0.699999988079071,0.800000011920929,0.699999988079071,0.75,196539
2020-03-02 00:00:00+00:00,0.75,0.75,0.75,0.699999988079071,0.699999988079071,140484
2020-03-03 00:00:00+00:00,0.699999988079071,0.699999988079071,0.75,0.699999988079071,0.699999988079071,64357
2020-03-04 00:00:00+00:00,0.6499999761581421,0.6499999761581421,0.75,0.6499999761581421,0.699999988079071,207956
2020-03-05 00:00:00+00:00,0.6499999761581421,0.6499999761581421,0.699999988079071,0.6000000238418579,0.6499999761581421,276517
2020-03-06 00:00:00+00:00,0.6499999761581421,0.6499999761581421,0.699999988079071,0.6000000238418579,0.6000000238418579,370566
2020-03-09 00:00:00+00:00,0.6499999761581421,0.6499999761581421,0.699999988079071,0.6000000238418579,0.6499999761581421,370800
2020-03-11 00:00:00+00:00,0.699999988079071,0.699999988079071,0.699999988079071,0.6000000238418579,0.6499999761581421,152479
2020-03-12 00:00:00+00:00,0.6499999761581421,0.6499999761581421,0.699999988079071,0.6499999761581421,0.699999988079071,195190
2020-03-13 00:00:00+00:00,0.6000000238418579,0.6000000238418579,0.6000000238418579,0.6000000238418579,0.6000000238418579,269699
2020-03-16 00:00:00+00:00,0.550000011920929,0.550000011920929,0.6499999761581421,0.550000011920929,0.6000000238418579,288256
2020-03-17 00:00:00+00:00,0.5,0.5,0.550000011920929,0.5,0.5,448315
2020-03-18 00:00:00+00:00,0.44999998807907104,0.44999998807907104,0.550000011920929,0.44999998807907104,0.5,463237
2020-03-19 00:00:00+00:00,0.5,0.5,0.5,0.4000000059604645,0.44999998807907104,216157
2020-03-20 00:00:00+00:00,0.44999998807907104,0.44999998807907104,0.550000011920929,0.44999998807907104,0.550000011920929,203138
2020-03-23 00:00:00+00:00,0.44999998807907104,0.44999998807907104,0.5,0.4000000059604645,0.44999998807907104,129959
2020-03-24 00:00:00+00:00,0.4000000059604645,0.4000000059604645,0.44999998807907104,0.4000000059604645,0.44999998807907104,207909
2020-03-25 00:00:00+00:00,0.44999998807907104,0.44999998807907104,0.44999998807907104,0.3499999940395355,0.4000000059604645,160183
2020-03-26 00:00:00+00:00,0.4000000059604645,0.4000000059604645,0.44999998807907104,0.4000000059604645,0.44999998807907104,166374
2020-03-27 00:00:00+00:00,0.44999998807907104,0.44999998807907104,0.44999998807907104,0.3499999940395355,0.3499999940395355,151687
2020-03-30 00:00:00+00:00,0.44999998807907104,0.44999998807907104,0.44999998807907104,0.4000000059604645,0.4000000059604645,264965
2020-03-31 00:00:00+00:00,0.4000000059604645,0.4000000059604645,0.44999998807907104,0.4000000059604645,0.4000000059604645,172188
2020-04-01 00:00:00+00:00,0.44999998807907104,0.44999998807907104,0.44999998807907104,0.4000000059604645,0.44999998807907104,255939
2020-04-03 00:00:00+00:00,0.5,0.5,0.5,0.4000000059604645,0.44999998807907104,170741
2020-04-07 00:00:00+00:00,0.550000011920929,0.550000011920929,0.550000011920929,0.44999998807907104,0.5,148592
2020-04-08 00:00:00+00:00,0.6000000238418579,0.6000000238418579,0.6000000238418579,0.550000011920929,0.6000000238418579,121919
2020-04-09 00:00:00+00:00,0.6499999761581421,0.6499999761581421,0.6499999761581421,0.6000000238418579,0.6499999761581421,39197
2020-04-13 00:00:00+00:00,0.699999988079071,0.699999988079071,0.699999988079071,0.6499999761581421,0.699999988079071,72517
2020-04-15 00:00:00+00:00,0.75,0.75,0.75,0.6499999761581421,0.75,141638
2020-04-16 00:00:00+00:00,0.800000011920929,0.800000011920929,0.800000011920929,0.75,0.75,18579
2020-04-17 00:00:00+00:00,0.8500000238418579,0.8500000238418579,0.8500000238418579,0.8500000238418579,0.8500000238418579,30742
2020-04-20 00:00:00+00:00,0.8999999761581421,0.8999999761581421,0.8999999761581421,0.8999999761581421,0.8999999761581421,37230
2020-04-21 00:00:00+00:00,0.949999988079071,0.949999988079071,0.949999988079071,0.8500000238418579,0.949999988079071,168310
2020-04-22 00:00:00+00:00,1.0,1.0,1.0,0.8999999761581421,1.0,536617
2020-04-23 00:00:00+00:00,1.0499999523162842,1.0499999523162842,1.0499999523162842,1.0,1.0499999523162842,112497
2020-04-24 00:00:00+00:00,1.0,1.0,1.100000023841858,1.0,1.0499999523162842,80068
2020-04-27 00:00:00+00:00,0.949999988079071,0.949999988079071,0.949999988079071,0.949999988079071,0.949999988079071,170007
2020-04-28 00:00:00+00:00,0.8999999761581421,0.8999999761581421,0.8999999761581421,0.8999999761581421,0.8999999761581421,43909
2020-04-29 00:00:00+00:00,0.8500000238418579,0.8500000238418579,0.8500000238418579,0.8500000238418579,0.8500000238418579,85824
2020-04-30 00:00:00+00:00,0.800000011920929,0.800000011920929,0.800000011920929,0.800000011920929,0.800000011920929,43911
2020-05-04 00:00:00+00:00,0.75,0.75,0.75,0.75,0.75,18213
2020-05-05 00:00:00+00:00,0.699999988079071,0.699999988079071,0.699999988079071,0.699999988079071,0.699999988079071,41842
2020-05-06 00:00:00+00:00,0.6499999761581421,0.6499999761581421,0.6499999761581421,0.6499999761581421,0.6499999761581421,52336
2020-05-07 00:00:00+00:00,0.699999988079071,0.699999988079071,0.699999988079071,0.6000000238418579,0.6000000238418579,160357
2020-05-08 00:00:00+00:00,0.75,0.75,0.75,0.699999988079071,0.75,61658
2020-05-11 00:00:00+00:00,0.75,0.75,0.800000011920929,0.699999988079071,0.800000011920929,77749
2020-05-12 00:00:00+00:00,0.75,0.75,0.800000011920929,0.699999988079071,0.699999988079071,60689
2020-05-13 00:00:00+00:00,0.75,0.75,0.800000011920929,0.699999988079071,0.699999988079071,113568
2020-05-14 00:00:00+00:00,0.75,0.75,0.75,0.699999988079071,0.75,55310
2020-05-15 00:00:00+00:00,0.75,0.75,0.800000011920929,0.699999988079071,0.699999988079071,75037
2020-05-18 00:00:00+00:00,0.699999988079071,0.699999988079071,0.800000011920929,0.699999988079071,0.699999988079071,97303
2020-05-19 00:00:00+00:00,0.699999988079071,0.699999988079071,0.75,0.6499999761581421,0.699999988079071,23304
2020-05-20 00:00:00+00:00,0.699999988079071,0.699999988079071,0.75,0.6499999761581421,0.75,146464
2020-05-21 00:00:00+00:00,0.699999988079071,0.699999988079071,0.699999988079071,0.6499999761581421,0.699999988079071,34051
2020-05-22 00:00:00+00:00,0.6499999761581421,0.6499999761581421,0.699999988079071,0.6499999761581421,0.6499999761581421,51877
2020-05-26 00:00:00+00:00,0.6499999761581421,0.6499999761581421,0.699999988079071,0.6000000238418579,0.699999988079071,70161
2020-05-27 00:00:00+00:00,0.6499999761581421,0.6499999761581421,0.699999988079071,0.6499999761581421,0.6499999761581421,62711
2020-05-28 00:00:00+00:00,0.6499999761581421,0.6499999761581421,0.699999988079071,0.6000000238418579,0.6499999761581421,60952
2020-05-29 00:00:00+00:00,0.6499999761581421,0.6499999761581421,0.699999988079071,0.6000000238418579,0.699999988079071,231909
2020-06-01 00:00:00+00:00,0.6499999761581421,0.6499999761581421,0.699999988079071,0.6000000238418579,0.699999988079071,60264
2020-06-02 00:00:00+00:00,0.6499999761581421,0.6499999761581421,0.699999988079071,0.6000000238418579,0.6499999761581421,68957
2020-06-03 00:00:00+00:00,0.699999988079071,0.699999988079071,0.699999988079071,0.6499999761581421,0.6499999761581421,151219
2020-06-04 00:00:00+00:00,0.75,0.75,0.75,0.699999988079071,0.75,75007
2020-06-05 00:00:00+00:00,0.800000011920929,0.800000011920929,0.800000011920929,0.800000011920929,0.800000011920929,61074
2020-06-08 00:00:00+00:00,0.800000011920929,0.800000011920929,0.8500000238418579,0.75,0.8500000238418579,207552
2020-06-09 00:00:00+00:00,0.800000011920929,0.800000011920929,0.8500000238418579,0.75,0.8500000238418579,113452
2020-06-10 00:00:00+00:00,0.8500000238418579,0.8500000238418579,0.8500000238418579,0.800000011920929,0.800000011920929,143689
2020-06-11 00:00:00+00:00,0.8500000238418579,0.8500000238418579,0.8999999761581421,0.800000011920929,0.8999999761581421,167728
2020-06-12 00:00:00+00:00,0.8500000238418579,0.8500000238418579,0.8500000238418579,0.800000011920929,0.8500000238418579,112672
2020-06-15 00:00:00+00:00,0.800000011920929,0.800000011920929,0.8500000238418579,0.800000011920929,0.8500000238418579,185973
2020-06-16 00:00:00+00:00,0.8500000238418579,0.8500000238418579,0.8500000238418579,0.75,0.800000011920929,371825
2020-06-17 00:00:00+00:00,0.8999999761581421,0.8999999761581421,0.8999999761581421,0.8500000238418579,0.8999999761581421,271505
2020-06-18 00:00:00+00:00,0.949999988079071,0.949999988079071,0.949999988079071,0.8999999761581421,0.949999988079071,169937
2020-06-19 00:00:00+00:00,1.0,1.0,1.0,0.8999999761581421,1.0,227875
2020-06-22 00:00:00+00:00,1.0499999523162842,1.0499999523162842,1.0499999523162842,0.949999988079071,1.0499999523162842,174129
2020-06-23 00:00:00+00:00,1.100000023841858,1.100000023841858,1.100000023841858,1.100000023841858,1.100000023841858,45018
2020-06-24 00:00:00+00:00,1.149999976158142,1.149999976158142,1.149999976158142,1.149999976158142,1.149999976158142,67342
2020-06-25 00:00:00+00:00,1.2000000476837158,1.2000000476837158,1.2000000476837158,1.2000000476837158,1.2000000476837158,121198
2020-06-26 00:00:00+00:00,1.25,1.25,1.25,1.25,1.25,111750
2020-06-29 00:00:00+00:00,1.2000000476837158,1.2000000476837158,1.2999999523162842,1.2000000476837158,1.2999999523162842,646236
2020-06-30 00:00:00+00:00,1.25,1.25,1.25,1.149999976158142,1.2000000476837158,222371
2020-07-01 00:00:00+00:00,1.2999999523162842,1.2999999523162842,1.2999999523162842,1.25,1.2999999523162842,261999
2020-07-02 00:00:00+00:00,1.350000023841858,1.350000023841858,1.350000023841858,1.25,1.350000023841858,211011
2020-07-03 00:00:00+00:00,1.350000023841858,1.350000023841858,1.399999976158142,1.2999999523162842,1.399999976158142,444895
2020-07-06 00:00:00+00:00,1.2999999523162842,1.2999999523162842,1.2999999523162842,1.2999999523162842,1.2999999523162842,75379
2020-07-07 00:00:00+00:00,1.25,1.25,1.25,1.25,1.25,41587
2020-07-08 00:00:00+00:00,1.2000000476837158,1.2000000476837158,1.2000000476837158,1.2000000476837158,1.2000000476837158,15355
2020-07-09 00:00:00+00:00,1.149999976158142,1.149999976158142,1.149999976158142,1.149999976158142,1.149999976158142,186461
2020-07-10 00:00:00+00:00,1.149999976158142,1.149999976158142,1.2000000476837158,1.100000023841858,1.100000023841858,482867
2020-07-13 00:00:00+00:00,1.100000023841858,1.100000023841858,1.2000000476837158,1.100000023841858,1.149999976158142,246440
2020-07-14 00:00:00+00:00,1.0499999523162842,1.0499999523162842,1.149999976158142,1.0499999523162842,1.149999976158142,53938
2020-07-15 00:00:00+00:00,1.0,1.0,1.0499999523162842,1.0,1.0,64956
2020-07-16 00:00:00+00:00,1.0499999523162842,1.0499999523162842,1.0499999523162842,0.949999988079071,0.949999988079071,167671
2020-07-17 00:00:00+00:00,1.100000023841858,1.100000023841858,1.100000023841858,1.0499999523162842,1.100000023841858,81372
2020-07-20 00:00:00+00:00,1.149999976158142,1.149999976158142,1.149999976158142,1.149999976158142,1.149999976158142,20702
2020-07-21 00:00:00+00:00,1.100000023841858,1.100000023841858,1.2000000476837158,1.100000023841858,1.2000000476837158,160049
2020-07-22 00:00:00+00:00,1.100000023841858,1.100000023841858,1.149999976158142,1.0499999523162842,1.0499999523162842,91116
2020-07-23 00:00:00+00:00,1.100000023841858,1.100000023841858,1.149999976158142,1.0499999523162842,1.100000023841858,77021
2020-07-24 00:00:00+00:00,1.0499999523162842,1.0499999523162842,1.100000023841858,1.0499999523162842,1.0499999523162842,58736
2020-07-27 00:00:00+00:00,1.0,1.0,1.100000023841858,1.0,1.0499999523162842,123276
2020-07-28 00:00:00+00:00,0.949999988079071,0.949999988079071,1.0,0.949999988079071,1.0,90645
2020-07-29 00:00:00+00:00,0.949999988079071,0.949999988079071,1.0,0.8999999761581421,0.949999988079071,108083
2020-07-30 00:00:00+00:00,1.0,1.0,1.0,0.949999988079071,0.949999988079071,27401
2020-07-31 00:00:00+00:00,0.949999988079071,0.949999988079071,1.0499999523162842,0.949999988079071,1.0499999523162842,47607
2020-08-03 00:00:00+00:00,1.0,1.0,1.0,0.8999999761581421,0.949999988079071,96406
2020-08-04 00:00:00+00:00,0.949999988079071,0.949999988079071,1.0499999523162842,0.949999988079071,0.949999988079071,80162
2020-08-05 00:00:00+00:00,0.949999988079071,0.949999988079071,1.0,0.8999999761581421,0.949999988079071,82123
2020-08-06 00:00:00+00:00,0.949999988079071,0.949999988079071,1.0,0.8999999761581421,1.0,85308
2020-08-07 00:00:00+00:00,1.0,1.0,1.0,0.949999988079071,1.0,267431
2020-08-10 00:00:00+00:00,1.0,1.0,1.0,0.949999988079071,0.949999988079071,278985
2020-08-11 00:00:00+00:00,0.949999988079071,0.949999988079071,1.0,0.949999988079071,1.0,212260
2020-08-12 00:00:00+00:00,0.949999988079071,0.949999988079071,1.0,0.8999999761581421,1.0,160997
2020-08-13 00:00:00+00:00,0.949999988079071,0.949999988079071,1.0,0.8999999761581421,1.0,153882
2020-08-14 00:00:00+00:00,0.949999988079071,0.949999988079071,0.949999988079071,0.8999999761581421,0.8999999761581421,192246
2020-08-17 00:00:00+00:00,1.0,1.0,1.0,0.8999999761581421,0.8999999761581421,206482
2020-08-18 00:00:00+00:00,0.949999988079071,0.949999988079071,1.0499999523162842,0.949999988079071,1.0499999523162842,381854
2020-08-19 00:00:00+00:00,0.8999999761581421,0.8999999761581421,0.949999988079071,0.8999999761581421,0.949999988079071,500148
2020-08-20 00:00:00+00:00,0.8999999761581421,0.8999999761581421,0.949999988079071,0.8500000238418579,0.8500000238418579,155478
2020-08-21 00:00:00+00:00,0.8999999761581421,0.8999999761581421,0.949999988079071,0.8500000238418579,0.949999988079071,387060
2020-08-24 00:00:00+00:00,0.8999999761581421,0.8999999761581421,0.949999988079071,0.8500000238418579,0.949999988079071,116690
2020-08-25 00:00:00+00:00,0.8500000238418579,0.8500000238418579,0.949999988079071,0.8500000238418579,0.8999999761581421,115032
2020-08-26 00:00:00+00:00,0.8999999761581421,0.8999999761581421,0.8999999761581421,0.8500000238418579,0.8500000238418579,173487
2020-08-27 00:00:00+00:00,0.8999999761581421,0.8999999761581421,0.949999988079071,0.8500000238418579,0.949999988079071,136649
2020-08-28 00:00:00+00:00,0.8999999761581421,0.8999999761581421,0.8999999761581421,0.8500000238418579,0.8500000238418579,291651
2020-08-31 00:00:00+00:00,0.8500000238418579,0.8500000238418579,0.8999999761581421,0.8500000238418579,0.8500000238418579,213435
2020-09-01 00:00:00+00:00,0.8500000238418579,0.8500000238418579,0.8500000238418579,0.800000011920929,0.8500000238418579,54546
2020-09-02 00:00:00+00:00,0.8500000238418579,0.8500000238418579,0.8500000238418579,0.800000011920929,0.8500000238418579,38364
2020-09-03 00:00:00+00:00,0.800000011920929,0.800000011920929,0.8500000238418579,0.800000011920929,0.8500000238418579,161728
2020-09-04 00:00:00+00:00,0.800000011920929,0.800000011920929,0.8500000238418579,0.75,0.800000011920929,114166
2020-09-07 00:00:00+00:00,0.800000011920929,0.800000011920929,0.8500000238418579,0.75,0.800000011920929,91792
2020-09-08 00:00:00+00:00,0.800000011920929,0.800000011920929,0.8500000238418579,0.75,0.8500000238418579,78835
2020-09-09 00:00:00+00:00,0.75,0.75,0.8500000238418579,0.75,0.800000011920929,233160
2020-09-10 00:00:00+00:00,0.800000011920929,0.800000011920929,0.800000011920929,0.75,0.800000011920929,155535
2020-09-11 00:00:00+00:00,0.800000011920929,0.800000011920929,0.8500000238418579,0.75,0.8500000238418579,122600
2020-09-14 00:00:00+00:00,0.800000011920929,0.800000011920929,0.800000011920929,0.75,0.800000011920929,70587
2020-09-15 00:00:00+00:00,0.75,0.75,0.8500000238418579,0.75,0.8500000238418579,98271
2020-09-16 00:00:00+00:00,0.800000011920929,0.800000011920929,0.800000011920929,0.75,0.75,97657
2020-09-17 00:00:00+00:00,0.75,0.75,0.8500000238418579,0.75,0.800000011920929,105376
2020-09-18 00:00:00+00:00,0.75,0.75,0.800000011920929,0.75,0.800000011920929,66230
2020-09-21 00:00:00+00:00,0.699999988079071,0.699999988079071,0.800000011920929,0.699999988079071,0.75,266600
2020-09-22 00:00:00+00:00,0.699999988079071,0.699999988079071,0.75,0.699999988079071,0.699999988079071,66235
2020-09-23 00:00:00+00:00,0.699999988079071,0.699999988079071,0.75,0.6499999761581421,0.699999988079071,147530
2020-09-24 00:00:00+00:00,0.699999988079071,0.699999988079071,0.75,0.6499999761581421,0.75,96178
2020-09-25 00:00:00+00:00,0.699999988079071,0.699999988079071,0.75,0.6499999761581421,0.75,34272
2020-09-28 00:00:00+00:00,0.699999988079071,0.699999988079071,0.75,0.6499999761581421,0.75,51278
2020-09-29 00:00:00+00:00,0.699999988079071,0.699999988079071,0.75,0.6499999761581421,0.699999988079071,45728
2020-09-30 00:00:00+00:00,0.699999988079071,0.699999988079071,0.75,0.6499999761581421,0.75,120935
2020-10-01 00:00:00+00:00,0.75,0.75,0.75,0.699999988079071,0.699999988079071,118917
2020-10-05 00:00:00+00:00,0.699999988079071,0.699999988079071,0.75,0.699999988079071,0.699999988079071,146213
2020-10-06 00:00:00+00:00,0.699999988079071,0.699999988079071,0.75,0.699999988079071,0.75,66349
2020-10-07 00:00:00+00:00,0.699999988079071,0.699999988079071,0.75,0.699999988079071,0.75,113461
2020-10-08 00:00:00+00:00,0.75,0.75,0.75,0.75,0.75,135267
2020-10-09 00:00:00+00:00,0.800000011920929,0.800000011920929,0.800000011920929,0.75,0.75,46057
2020-10-12 00:00:00+00:00,0.75,0.75,0.8500000238418579,0.75,0.8500000238418579,61214
2020-10-13 00:00:00+00:00,0.75,0.75,0.800000011920929,0.75,0.75,53275
2020-10-14 00:00:00+00:00,0.75,0.75,0.800000011920929,0.699999988079071,0.75,53017
2020-10-15 00:00:00+00:00,0.699999988079071,0.699999988079071,0.800000011920929,0.699999988079071,0.800000011920929,154284
2020-10-16 00:00:00+00:00,0.75,0.75,0.75,0.699999988079071,0.75,26176
2020-10-19 00:00:00+00:00,0.699999988079071,0.699999988079071,0.75,0.699999988079071,0.75,98683
2020-10-20 00:00:00+00:00,0.699999988079071,0.699999988079071,0.75,0.699999988079071,0.699999988079071,25711
2020-10-21 00:00:00+00:00,0.75,0.75,0.75,0.699999988079071,0.699999988079071,27385
2020-10-22 00:00:00+00:00,0.75,0.75,0.75,0.699999988079071,0.75,186101
2020-10-23 00:00:00+00:00,0.699999988079071,0.699999988079071,0.75,0.699999988079071,0.75,172138
2020-10-26 00:00:00+00:00,0.699999988079071,0.699999988079071,0.75,0.699999988079071,0.75,58425
2020-10-27 00:00:00+00:00,0.699999988079071,0.699999988079071,0.75,0.699999988079071,0.699999988079071,132789
2020-10-28 00:00:00+00:00,0.699999988079071,0.699999988079071,0.75,0.699999988079071,0.699999988079071,23198
2020-10-29 00:00:00+00:00,0.699999988079071,0.699999988079071,0.75,0.699999988079071,0.699999988079071,38534
2020-10-30 00:00:00+00:00,0.699999988079071,0.699999988079071,0.699999988079071,0.6499999761581421,0.699999988079071,98490
2020-11-02 00:00:00+00:00,0.699999988079071,0.699999988079071,0.699999988079071,0.6499999761581421,0.699999988079071,28939
2020-11-03 00:00:00+00:00,0.6499999761581421,0.6499999761581421,0.699999988079071,0.6499999761581421,0.699999988079071,52856
2020-11-04 00:00:00+00:00,0.699999988079071,0.699999988079071,0.699999988079071,0.6499999761581421,0.6499999761581421,16052
2020-11-05 00:00:00+00:00,0.699999988079071,0.699999988079071,0.699999988079071,0.6499999761581421,0.699999988079071,89924
2020-11-06 00:00:00+00:00,0.699999988079071,0.699999988079071,0.699999988079071,0.6499999761581421,0.6499999761581421,87923
2020-11-09 00:00:00+00:00,0.699999988079071,0.699999988079071,0.75,0.6499999761581421,0.6499999761581421,301689
2020-11-10 00:00:00+00:00,0.699999988079071,0.699999988079071,0.75,0.6499999761581421,0.6499999761581421,48357
2020-11-11 00:00:00+00:00,0.699999988079071,0.699999988079071,0.699999988079071,0.6499999761581421,0.699999988079071,28032
2020-11-12 00:00:00+00:00,0.6499999761581421,0.6499999761581421,0.699999988079071,0.6499999761581421,0.6499999761581421,72354
2020-11-13 00:00:00+00:00,0.699999988079071,0.699999988079071,0.699999988079071,0.6499999761581421,0.699999988079071,37409
2020-11-14 00:00:00+00:00,0.699999988079071,0.699999988079071,0.699999988079071,0.6499999761581421,0.699999988079071,18336
2020-11-17 00:00:00+00:00,0.6499999761581421,0.6499999761581421,0.699999988079071,0.6499999761581421,0.699999988079071,57252
2020-11-18 00:00:00+00:00,0.6499999761581421,0.6499999761581421,0.699999988079071,0.6499999761581421,0.6499999761581421,154954
2020-11-19 00:00:00+00:00,0.6499999761581421,0.6499999761581421,0.699999988079071,0.6499999761581421,0.6499999761581421,96483
2020-11-20 00:00:00+00:00,0.699999988079071,0.699999988079071,0.699999988079071,0.6000000238418579,0.6000000238418579,108178
2020-11-23 00:00:00+00:00,0.6499999761581421,0.6499999761581421,0.699999988079071,0.6499999761581421,0.699999988079071,96688
2020-11-24 00:00:00+00:00,0.6499999761581421,0.6499999761581421,0.699999988079071,0.6499999761581421,0.699999988079071,94680
2020-11-25 00:00:00+00:00,0.6499999761581421,0.6499999761581421,0.699999988079071,0.6499999761581421,0.6499999761581421,25817
2020-11-26 00:00:00+00:00,0.6499999761581421,0.6499999761581421,0.699999988079071,0.6499999761581421,0.699999988079071,160502
2020-11-27 00:00:00+00:00,0.699999988079071,0.699999988079071,0.699999988079071,0.6499999761581421,0.6499999761581421,26874
2020-12-01 00:00:00+00:00,0.6499999761581421,0.6499999761581421,0.699999988079071,0.6499999761581421,0.699999988079071,120642
2020-12-02 00:00:00+00:00,0.6499999761581421,0.6499999761581421,0.699999988079071,0.6499999761581421,0.6499999761581421,78444
2020-12-03 00:00:00+00:00,0.6499999761581421,0.6499999761581421,0.699999988079071,0.6499999761581421,0.699999988079071,451669
2020-12-04 00:00:00+00:00,0.699999988079071,0.699999988079071,0.699999988079071,0.6499999761581421,0.699999988079071,176999
2020-12-07 00:00:00+00:00,0.75,0.75,0.75,0.6499999761581421,0.699999988079071,293891
2020-12-08 00:00:00+00:00,0.8999999761581421,0.8999999761581421,0.8999999761581421,0.75,0.75,853238
2020-12-09 00:00:00+00:00,1.0499999523162842,1.0499999523162842,1.0499999523162842,1.0499999523162842,1.0499999523162842,327362
2020-12-10 00:00:00+00:00,1.149999976158142,1.149999976158142,1.149999976158142,1.149999976158142,1.149999976158142,522189
2020-12-11 00:00:00+00:00,1.25,1.25,1.25,1.25,1.25,285533
2020-12-14 00:00:00+00:00,1.350000023841858,1.350000023841858,1.350000023841858,1.350000023841858,1.350000023841858,210960
2020-12-15 00:00:00+00:00,1.2999999523162842,1.2999999523162842,1.399999976158142,1.2999999523162842,1.399999976158142,872280
2020-12-16 00:00:00+00:00,1.25,1.25,1.2999999523162842,1.25,1.2999999523162842,265272
2020-12-17 00:00:00+00:00,1.2000000476837158,1.2000000476837158,1.2000000476837158,1.2000000476837158,1.2000000476837158,15694
2020-12-18 00:00:00+00:00,1.149999976158142,1.149999976158142,1.149999976158142,1.149999976158142,1.149999976158142,29842
2020-12-21 00:00:00+00:00,1.100000023841858,1.100000023841858,1.100000023841858,1.100000023841858,1.100000023841858,12023
2020-12-22 00:00:00+00:00,1.0499999523162842,1.0499999523162842,1.0499999523162842,1.0499999523162842,1.0499999523162842,11935
2020-12-23 00:00:00+00:00,1.0,1.0,1.0499999523162842,1.0,1.0,130287
2020-12-24 00:00:00+00:00,0.949999988079071,0.949999988079071,1.0499999523162842,0.949999988079071,0.949999988079071,306464
2020-12-28 00:00:00+00:00,0.949999988079071,0.949999988079071,1.0,0.949999988079071,1.0,130324
2020-12-29 00:00:00+00:00,1.0,1.0,1.0,0.949999988079071,1.0,79532
2020-12-30 00:00:00+00:00,1.0499999523162842,1.0499999523162842,1.0499999523162842,1.0,1.0499999523162842,63508
2020-12-31 00:00:00+00:00,1.100000023841858,1.100000023841858,1.100000023841858,1.0499999523162842,1.100000023841858,90159
2021-01-01 00:00:00+00:00,1.149999976158142,1.149999976158142,1.149999976158142,1.100000023841858,1.149999976158142,65267
2021-01-04 00:00:00+00:00,1.2000000476837158,1.2000000476837158,1.2000000476837158,1.149999976158142,1.2000000476837158,177794
2021-01-05 00:00:00+00:00,1.25,1.25,1.25,1.25,1.25,102166
2021-01-06 00:00:00+00:00,1.2000000476837158,1.2000000476837158,1.2999999523162842,1.2000000476837158,1.2999999523162842,474107
2021-01-07 00:00:00+00:00,1.25,1.25,1.25,1.149999976158142,1.25,407988
2021-01-08 00:00:00+00:00,1.2999999523162842,1.2999999523162842,1.2999999523162842,1.25,1.2999999523162842,209657
2021-01-11 00:00:00+00:00,1.25,1.25,1.350000023841858,1.25,1.350000023841858,181092
2021-01-12 00:00:00+00:00,1.2000000476837158,1.2000000476837158,1.25,1.2000000476837158,1.25,86432
2021-01-13 00:00:00+00:00,1.149999976158142,1.149999976158142,1.25,1.149999976158142,1.25,154642
2021-01-14 00:00:00+00:00,1.149999976158142,1.149999976158142,1.2000000476837158,1.100000023841858,1.100000023841858,181263
2021-01-15 00:00:00+00:00,1.100000023841858,1.100000023841858,1.2000000476837158,1.100000023841858,1.2000000476837158,134425
2021-01-18 00:00:00+00:00,1.0499999523162842,1.0499999523162842,1.100000023841858,1.0499999523162842,1.0499999523162842,275003
2021-01-19 00:00:00+00:00,1.100000023841858,1.100000023841858,1.100000023841858,1.0,1.0499999523162842,190378
2021-01-20 00:00:00+00:00,1.0499999523162842,1.0499999523162842,1.149999976158142,1.0499999523162842,1.100000023841858,102369
2021-01-21 00:00:00+00:00,1.0,1.0,1.100000023841858,1.0,1.0499999523162842,268354
2021-01-22 00:00:00+00:00,1.0,1.0,1.0499999523162842,0.949999988079071,1.0,135067
2021-01-25 00:00:00+00:00,0.949999988079071,0.949999988079071,1.0499999523162842,0.949999988079071,1.0499999523162842,247414
2021-01-27 00:00:00+00:00,1.0,1.0,1.0,0.949999988079071,1.0,135464
2021-01-28 00:00:00+00:00,0.949999988079071,0.949999988079071,1.0499999523162842,0.949999988079071,1.0499999523162842,149493
2021-01-29 00:00:00+00:00,0.949999988079071,0.949999988079071,1.0,0.8999999761581421,1.0,190162
2021-02-01 00:00:00+00:00,1.0,1.0,1.0,0.949999988079071,0.949999988079071,72262
2021-02-02 00:00:00+00:00,1.0,1.0,1.0,0.949999988079071,1.0,101106
2021-02-03 00:00:00+00:00,1.0,1.0,1.0,0.949999988079071,1.0,169550
2021-02-04 00:00:00+00:00,0.949999988079071,0.949999988079071,1.0,0.949999988079071,0.949999988079071,208138
2021-02-05 00:00:00+00:00,0.949999988079071,0.949999988079071,1.0,0.8999999761581421,0.949999988079071,118609
2021-02-08 00:00:00+00:00,0.8999999761581421,0.8999999761581421,0.949999988079071,0.8999999761581421,0.949999988079071,288843
2021-02-09 00:00:00+00:00,0.8500000238418579,0.8500000238418579,0.8999999761581421,0.8500000238418579,0.8999999761581421,249441
2021-02-10 00:00:00+00:00,0.8999999761581421,0.8999999761581421,0.8999999761581421,0.800000011920929,0.8500000238418579,112486
2021-02-11 00:00:00+00:00,0.8500000238418579,0.8500000238418579,0.8999999761581421,0.8500000238418579,0.8500000238418579,34785
2021-02-12 00:00:00+00:00,0.8999999761581421,0.8999999761581421,0.8999999761581421,0.8500000238418579,0.8999999761581421,129099
2021-02-15 00:00:00+00:00,0.8500000238418579,0.8500000238418579,0.8999999761581421,0.8500000238418579,0.8999999761581421,195149
2021-02-16 00:00:00+00:00,0.8999999761581421,0.8999999761581421,0.8999999761581421,0.800000011920929,0.8999999761581421,86661
2021-02-17 00:00:00+00:00,0.8500000238418579,0.8500000238418579,0.8999999761581421,0.8500000238418579,0.8999999761581421,148714
2021-02-18 00:00:00+00:00,0.8999999761581421,0.8999999761581421,0.8999999761581421,0.800000011920929,0.8500000238418579,81586
2021-02-19 00:00:00+00:00,0.8500000238418579,0.8500000238418579,0.8999999761581421,0.8500000238418579,0.8999999761581421,124581
2021-02-22 00:00:00+00:00,0.8500000238418579,0.8500000238418579,0.8999999761581421,0.800000011920929,0.8999999761581421,116574
2021-02-23 00:00:00+00:00,0.800000011920929,0.800000011920929,0.8500000238418579,0.800000011920929,0.800000011920929,73559
2021-02-24 00:00:00+00:00,0.800000011920929,0.800000011920929,0.800000011920929,0.75,0.800000011920929,45683
2021-02-25 00:00:00+00:00,0.800000011920929,0.800000011920929,0.8500000238418579,0.75,0.8500000238418579,89610
2021-02-26 00:00:00+00:00,0.800000011920929,0.800000011920929,0.8500000238418579,0.75,0.800000011920929,238214
2021-03-01 00:00:00+00:00,0.800000011920929,0.800000011920929,0.8500000238418579,0.75,0.800000011920929,136004
2021-03-02 00:00:00+00:00,0.800000011920929,0.800000011920929,0.8500000238418579,0.75,0.800000011920929,105730
2021-03-03 00:00:00+00:00,0.800000011920929,0.800000011920929,0.8500000238418579,0.75,0.8500000238418579,156087
2021-03-04 00:00:00+00:00,0.8500000238418579,0.8500000238418579,0.8500000238418579,0.75,0.8500000238418579,144559
2021-03-05 00:00:00+00:00,0.800000011920929,0.800000011920929,0.8500000238418579,0.800000011920929,0.8500000238418579,99186
2021-03-08 00:00:00+00:00,0.800000011920929,0.800000011920929,0.8500000238418579,0.800000011920929,0.8500000238418579,68997
2021-03-09 00:00:00+00:00,0.8500000238418579,0.8500000238418579,0.8500000238418579,0.75,0.8500000238418579,61118
2021-03-10 00:00:00+00:00,0.8500000238418579,0.8500000238418579,0.8500000238418579,0.800000011920929,0.8500000238418579,38790
2021-03-12 00:00:00+00:00,0.8500000238418579,0.8500000238418579,0.8500000238418579,0.800000011920929,0.800000011920929,186945
2021-03-15 00:00:00+00:00,0.8500000238418579,0.8500000238418579,0.8500000238418579,0.800000011920929,0.800000011920929,210840
2021-03-16 00:00:00+00:00,0.800000011920929,0.800000011920929,0.8500000238418579,0.800000011920929,0.800000011920929,56387
2021-03-17 00:00:00+00:00,0.800000011920929,0.800000011920929,0.8500000238418579,0.800000011920929,0.8500000238418579,95438
2021-03-18 00:00:00+00:00,0.800000011920929,0.800000011920929,0.8500000238418579,0.800000011920929,0.800000011920929,115418
2021-03-19 00:00:00+00:00,0.800000011920929,0.800000011920929,0.8500000238418579,0.75,0.800000011920929,91444
2021-03-22 00:00:00+00:00,0.800000011920929,0.800000011920929,0.8500000238418579,0.75,0.75,147532
2021-03-23 00:00:00+00:00,0.8500000238418579,0.8500000238418579,0.8500000238418579,0.800000011920929,0.8500000238418579,59974
2021-03-24 00:00:00+00:00,0.800000011920929,0.800000011920929,0.8500000238418579,0.800000011920929,0.8500000238418579,107534
2021-03-25 00:00:00+00:00,0.800000011920929,0.800000011920929,0.8500000238418579,0.75,0.800000011920929,157301
2021-03-26 00:00:00+00:00,0.75,0.75,0.8500000238418579,0.75,0.8500000238418579,143063
2021-03-30 00:00:00+00:00,0.75,0.75,0.800000011920929,0.75,0.800000011920929,128764
2021-03-31 00:00:00+00:00,0.800000011920929,0.800000011920929,0.800000011920929,0.699999988079071,0.75,155309
2021-04-01 00:00:00+00:00,0.800000011920929,0.800000011920929,0.800000011920929,0.75,0.800000011920929,106763
2021-04-05 00:00:00+00:00,0.75,0.75,0.800000011920929,0.75,0.75,274624
2021-04-06 00:00:00+00:00,0.75,0.75,0.800000011920929,0.699999988079071,0.699999988079071,65906
2021-04-07 00:00:00+00:00,0.75,0.75,0.800000011920929,0.699999988079071,0.800000011920929,90233
2021-04-08 00:00:00+00:00,0.800000011920929,0.800000011920929,0.800000011920929,0.699999988079071,0.75,98364
2021-04-09 00:00:00+00:00,0.75,0.75,0.800000011920929,0.75,0.75,199063
2021-04-12 00:00:00+00:00,0.699999988079071,0.699999988079071,0.800000011920929,0.699999988079071,0.699999988079071,520461
2021-04-13 00:00:00+00:00,0.699999988079071,0.699999988079071,0.75,0.6499999761581421,0.75,95805
2021-04-15 00:00:00+00:00,0.699999988079071,0.699999988079071,0.75,0.6499999761581421,0.699999988079071,177583
2021-04-16 00:00:00+00:00,0.699999988079071,0.699999988079071,0.75,0.6499999761581421,0.699999988079071,230289
2021-04-19 00:00:00+00:00,0.699999988079071,0.699999988079071,0.699999988079071,0.6499999761581421,0.699999988079071,210122
2021-04-20 00:00:00+00:00,0.699999988079071,0.699999988079071,0.75,0.6499999761581421,0.699999988079071,52045
2021-04-22 00:00:00+00:00,0.699999988079071,0.699999988079071,0.75,0.6499999761581421,0.75,94558
2021-04-23 00:00:00+00:00,0.699999988079071,0.699999988079071,0.75,0.6499999761581421,0.699999988079071,31148
2021-04-26 00:00:00+00:00,0.699999988079071,0.699999988079071,0.75,0.6499999761581421,0.699999988079071,26579
2021-04-27 00:00:00+00:00,0.699999988079071,0.699999988079071,0.75,0.6499999761581421,0.699999988079071,71655
2021-04-28 00:00:00+00:00,0.699999988079071,0.699999988079071,0.75,0.6499999761581421,0.75,478145
2021-04-29 00:00:00+00:00,0.699999988079071,0.699999988079071,0.75,0.6499999761581421,0.75,207250
2021-04-30 00:00:00+00:00,0.699999988079071,0.699999988079071,0.75,0.699999988079071,0.75,74262
2021-05-03 00:00:00+00:00,0.699999988079071,0.699999988079071,0.75,0.6499999761581421,0.699999988079071,153154
2021-05-04 00:00:00+00:00,0.699999988079071,0.699999988079071,0.75,0.699999988079071,0.699999988079071,51430
2021-05-05 00:00:00+00:00,0.699999988079071,0.699999988079071,0.75,0.6499999761581421,0.75,163431
2021-05-06 00:00:00+00:00,0.699999988079071,0.699999988079071,0.75,0.699999988079071,0.75,160499
2021-05-07 00:00:00+00:00,0.699999988079071,0.699999988079071,0.75,0.6499999761581421,0.75,183109
2021-05-10 00:00:00+00:00,0.699999988079071,0.699999988079071,0.75,0.6499999761581421,0.699999988079071,253475
2021-05-11 00:00:00+00:00,0.699999988079071,0.699999988079071,0.75,0.6499999761581421,0.699999988079071,188736
2021-05-12 00:00:00+00:00,0.699999988079071,0.699999988079071,0.75,0.6499999761581421,0.75,192768
2021-05-14 00:00:00+00:00,0.75,0.75,0.75,0.699999988079071,0.75,325260
2021-05-17 00:00:00+00:00,0.800000011920929,0.800000011920929,0.800000011920929,0.800000011920929,0.800000011920929,120771
2021-05-18 00:00:00+00:00,0.8500000238418579,0.8500000238418579,0.8500000238418579,0.8500000238418579,0.8500000238418579,148981
2021-05-19 00:00:00+00:00,0.8999999761581421,0.8999999761581421,0.8999999761581421,0.8999999761581421,0.8999999761581421,421320
2021-05-20 00:00:00+00:00,0.8500000238418579,0.8500000238418579,0.949999988079071,0.8500000238418579,0.949999988079071,400118
2021-05-21 00:00:00+00:00,0.8999999761581421,0.8999999761581421,0.8999999761581421,0.8500000238418579,0.8999999761581421,299362
2021-05-24 00:00:00+00:00,0.949999988079071,0.949999988079071,0.949999988079071,0.8999999761581421,0.949999988079071,525753
2021-05-25 00:00:00+00:00,1.0,1.0,1.0,0.949999988079071,0.949999988079071,426997
2021-05-26 00:00:00+00:00,1.0499999523162842,1.0499999523162842,1.0499999523162842,1.0,1.0499999523162842,422800
2021-05-27 00:00:00+00:00,1.100000023841858,1.100000023841858,1.100000023841858,1.0499999523162842,1.100000023841858,604135
2021-05-28 00:00:00+00:00,1.149999976158142,1.149999976158142,1.149999976158142,1.100000023841858,1.149999976158142,688434
2021-05-31 00:00:00+00:00,1.2000000476837158,1.2000000476837158,1.2000000476837158,1.149999976158142,1.2000000476837158,306561
2021-06-01 00:00:00+00:00,1.149999976158142,1.149999976158142,1.25,1.149999976158142,1.25,725618
2021-06-02 00:00:00+00:00,1.100000023841858,1.100000023841858,1.149999976158142,1.100000023841858,1.149999976158142,260045
2021-06-03 00:00:00+00:00,1.0499999523162842,1.0499999523162842,1.100000023841858,1.0499999523162842,1.100000023841858,584408
2021-06-04 00:00:00+00:00,1.100000023841858,1.100000023841858,1.100000023841858,1.0499999523162842,1.0499999523162842,163756
2021-06-07 00:00:00+00:00,1.0499999523162842,1.0499999523162842,1.149999976158142,1.0499999523162842,1.149999976158142,285772
2021-06-08 00:00:00+00:00,1.0499999523162842,1.0499999523162842,1.100000023841858,1.0,1.100000023841858,589302
2021-06-09 00:00:00+00:00,1.100000023841858,1.100000023841858,1.100000023841858,1.0,1.100000023841858,150833
2021-06-10 00:00:00+00:00,1.149999976158142,1.149999976158142,1.149999976158142,1.0499999523162842,1.149999976158142,568012
2021-06-11 00:00:00+00:00,1.100000023841858,1.100000023841858,1.2000000476837158,1.100000023841858,1.2000000476837158,370772
2021-06-14 00:00:00+00:00,1.149999976158142,1.149999976158142,1.149999976158142,1.149999976158142,1.149999976158142,414229
2021-06-15 00:00:00+00:00,1.2000000476837158,1.2000000476837158,1.2000000476837158,1.149999976158142,1.2000000476837158,338368
2021-06-16 00:00:00+00:00,1.25,1.25,1.25,1.25,1.25,204676
2021-06-17 00:00:00+00:00,1.2999999523162842,1.2999999523162842,1.2999999523162842,1.2999999523162842,1.2999999523162842,121994
2021-06-18 00:00:00+00:00,1.350000023841858,1.350000023841858,1.350000023841858,1.350000023841858,1.350000023841858,148496
2021-06-21 00:00:00+00:00,1.399999976158142,1.399999976158142,1.399999976158142,1.399999976158142,1.399999976158142,204001
2021-06-22 00:00:00+00:00,1.4500000476837158,1.4500000476837158,1.4500000476837158,1.4500000476837158,1.4500000476837158,29358
2021-06-23 00:00:00+00:00,1.5,1.5,1.5,1.5,1.5,149322
2021-06-24 00:00:00+00:00,1.5499999523162842,1.5499999523162842,1.5499999523162842,1.5,1.5499999523162842,537558
2021-06-25 00:00:00+00:00,1.600000023841858,1.600000023841858,1.600000023841858,1.600000023841858,1.600000023841858,180100
2021-06-28 00:00:00+00:00,1.649999976158142,1.649999976158142,1.649999976158142,1.649999976158142,1.649999976158142,59244
2021-06-29 00:00:00+00:00,1.7000000476837158,1.7000000476837158,1.7000000476837158,1.7000000476837158,1.7000000476837158,114056
2021-06-30 00:00:00+00:00,1.75,1.75,1.75,1.75,1.75,234851
2021-07-01 00:00:00+00:00,1.7999999523162842,1.7999999523162842,1.7999999523162842,1.7999999523162842,1.7999999523162842,381908
2021-07-02 00:00:00+00:00,1.850000023841858,1.850000023841858,1.850000023841858,1.7999999523162842,1.850000023841858,255309
2021-07-05 00:00:00+00:00,1.899999976158142,1.899999976158142,1.899999976158142,1.899999976158142,1.899999976158142,84533
2021-07-06 00:00:00+00:00,1.9500000476837158,1.9500000476837158,1.9500000476837158,1.9500000476837158,1.9500000476837158,31981
2021-07-07 00:00:00+00:00,2.0,2.0,2.0,1.899999976158142,2.0,1256942
2021-07-08 00:00:00+00:00,1.899999976158142,1.899999976158142,2.0,1.899999976158142,2.0,607140
2021-07-09 00:00:00+00:00,1.850000023841858,1.850000023841858,1.850000023841858,1.850000023841858,1.850000023841858,118613
2021-07-12 00:00:00+00:00,1.7999999523162842,1.7999999523162842,1.7999999523162842,1.7999999523162842,1.7999999523162842,49479
2021-07-13 00:00:00+00:00,1.75,1.75,1.75,1.75,1.75,34699
2021-07-14 00:00:00+00:00,1.7000000476837158,1.7000000476837158,1.7000000476837158,1.7000000476837158,1.7000000476837158,118603
2021-07-15 00:00:00+00:00,1.75,1.75,1.75,1.649999976158142,1.649999976158142,666076
2021-07-16 00:00:00+00:00,1.7999999523162842,1.7999999523162842,1.7999999523162842,1.7999999523162842,1.7999999523162842,189633
2021-07-19 00:00:00+00:00,1.850000023841858,1.850000023841858,1.850000023841858,1.75,1.850000023841858,264089
2021-07-20 00:00:00+00:00,1.7999999523162842,1.7999999523162842,1.899999976158142,1.7999999523162842,1.899999976158142,442944
2021-07-22 00:00:00+00:00,1.75,1.75,1.850000023841858,1.75,1.850000023841858,538690
2021-07-23 00:00:00+00:00,1.7000000476837158,1.7000000476837158,1.75,1.7000000476837158,1.75,205221
2021-07-26 00:00:00+00:00,1.649999976158142,1.649999976158142,1.649999976158142,1.649999976158142,1.649999976158142,56365
2021-07-27 00:00:00+00:00,1.600000023841858,1.600000023841858,1.600000023841858,1.600000023841858,1.600000023841858,136534
2021-07-28 00:00:00+00:00,1.5499999523162842,1.5499999523162842,1.5499999523162842,1.5499999523162842,1.5499999523162842,126397
2021-07-29 00:00:00+00:00,1.5499999523162842,1.5499999523162842,1.5499999523162842,1.5,1.5,372012
2021-07-30 00:00:00+00:00,1.5,1.5,1.5499999523162842,1.5,1.5,61316
2021-08-02 00:00:00+00:00,1.5499999523162842,1.5499999523162842,1.5499999523162842,1.4500000476837158,1.4500000476837158,231679
2021-08-03 00:00:00+00:00,1.600000023841858,1.600000023841858,1.600000023841858,1.600000023841858,1.600000023841858,151478
2021-08-04 00:00:00+00:00,1.600000023841858,1.600000023841858,1.649999976158142,1.5499999523162842,1.649999976158142,276695
2021-08-05 00:00:00+00:00,1.5499999523162842,1.5499999523162842,1.600000023841858,1.5499999523162842,1.600000023841858,55612
2021-08-06 00:00:00+00:00,1.5,1.5,1.5,1.5,1.5,45831
2021-08-09 00:00:00+00:00,1.4500000476837158,1.4500000476837158,1.4500000476837158,1.4500000476837158,1.4500000476837158,87230
2021-08-10 00:00:00+00:00,1.399999976158142,1.399999976158142,1.399999976158142,1.399999976158142,1.399999976158142,26249
2021-08-11 00:00:00+00:00,1.350000023841858,1.350000023841858,1.350000023841858,1.350000023841858,1.350000023841858,49324
2021-08-12 00:00:00+00:00,1.350000023841858,1.350000023841858,1.399999976158142,1.2999999523162842,1.2999999523162842,351916
2021-08-13 00:00:00+00:00,1.350000023841858,1.350000023841858,1.399999976158142,1.2999999523162842,1.350000023841858,262418
2021-08-16 00:00:00+00:00,1.2999999523162842,1.2999999523162842,1.399999976158142,1.2999999523162842,1.2999999523162842,98387
2021-08-17 00:00:00+00:00,1.25,1.25,1.25,1.25,1.25,48818
2021-08-18 00:00:00+00:00,1.2000000476837158,1.2000000476837158,1.2000000476837158,1.2000000476837158,1.2000000476837158,19245
2021-08-20 00:00:00+00:00,1.149999976158142,1.149999976158142,1.149999976158142,1.149999976158142,1.149999976158142,58708
2021-08-23 00:00:00+00:00,1.100000023841858,1.100000023841858,1.149999976158142,1.100000023841858,1.100000023841858,218690
2021-08-24 00:00:00+00:00,1.100000023841858,1.100000023841858,1.149999976158142,1.0499999523162842,1.100000023841858,125482
2021-08-25 00:00:00+00:00,1.149999976158142,1.149999976158142,1.149999976158142,1.100000023841858,1.149999976158142,40981
2021-08-26 00:00:00+00:00,1.2000000476837158,1.2000000476837158,1.2000000476837158,1.2000000476837158,1.2000000476837158,87213
2021-08-27 00:00:00+00:00,1.25,1.25,1.25,1.25,1.25,18227
2021-08-30 00:00:00+00:00,1.2999999523162842,1.2999999523162842,1.2999999523162842,1.2999999523162842,1.2999999523162842,23660
2021-08-31 00:00:00+00:00,1.350000023841858,1.350000023841858,1.350000023841858,1.350000023841858,1.350000023841858,64180
2021-09-01 00:00:00+00:00,1.399999976158142,1.399999976158142,1.399999976158142,1.2999999523162842,1.399999976158142,245064
2021-09-02 00:00:00+00:00,1.350000023841858,1.350000023841858,1.4500000476837158,1.350000023841858,1.4500000476837158,101382
2021-09-03 00:00:00+00:00,1.399999976158142,1.399999976158142,1.399999976158142,1.2999999523162842,1.399999976158142,162695
2021-09-06 00:00:00+00:00,1.399999976158142,1.399999976158142,1.4500000476837158,1.350000023841858,1.399999976158142,215398
2021-09-07 00:00:00+00:00,1.350000023841858,1.350000023841858,1.4500000476837158,1.350000023841858,1.399999976158142,99420
2021-09-08 00:00:00+00:00,1.2999999523162842,1.2999999523162842,1.399999976158142,1.2999999523162842,1.350000023841858,185519
2021-09-09 00:00:00+00:00,1.25,1.25,1.2999999523162842,1.25,1.2999999523162842,240126
2021-09-13 00:00:00+00:00,1.2999999523162842,1.2999999523162842,1.2999999523162842,1.2000000476837158,1.25,157504
2021-09-14 00:00:00+00:00,1.2999999523162842,1.2999999523162842,1.2999999523162842,1.25,1.2999999523162842,128425
2021-09-15 00:00:00+00:00,1.25,1.25,1.2999999523162842,1.25,1.2999999523162842,159063
2021-09-16 00:00:00+00:00,1.2000000476837158,1.2000000476837158,1.25,1.2000000476837158,1.2000000476837158,288472
2021-09-17 00:00:00+00:00,1.2000000476837158,1.2000000476837158,1.25,1.149999976158142,1.2000000476837158,148501
2021-09-20 00:00:00+00:00,1.149999976158142,1.149999976158142,1.25,1.149999976158142,1.25,243666
2021-09-21 00:00:00+00:00,1.149999976158142,1.149999976158142,1.2000000476837158,1.100000023841858,1.100000023841858,493116
2021-09-22 00:00:00+00:00,1.149999976158142,1.149999976158142,1.149999976158142,1.100000023841858,1.149999976158142,169251
2021-09-23 00:00:00+00:00,1.149999976158142,1.149999976158142,1.2000000476837158,1.100000023841858,1.100000023841858,251333
2021-09-24 00:00:00+00:00,1.149999976158142,1.149999976158142,1.2000000476837158,1.100000023841858,1.2000000476837158,290225
2021-09-27 00:00:00+00:00,1.2000000476837158,1.2000000476837158,1.2000000476837158,1.100000023841858,1.100000023841858,86312
2021-09-28 00:00:00+00:00,1.149999976158142,1.149999976158142,1.2000000476837158,1.149999976158142,1.2000000476837158,220118
2021-09-29 00:00:00+00:00,1.149999976158142,1.149999976158142,1.149999976158142,1.100000023841858,1.100000023841858,132840
2021-09-30 00:00:00+00:00,1.149999976158142,1.149999976158142,1.2000000476837158,1.100000023841858,1.2000000476837158,190889
2021-10-01 00:00:00+00:00,1.149999976158142,1.149999976158142,1.149999976158142,1.100000023841858,1.149999976158142,101569
2021-10-04 00:00:00+00:00,1.149999976158142,1.149999976158142,1.149999976158142,1.100000023841858,1.149999976158142,193652
2021-10-05 00:00:00+00:00,1.100000023841858,1.100000023841858,1.149999976158142,1.100000023841858,1.149999976158142,104798
2021-10-06 00:00:00+00:00,1.149999976158142,1.149999976158142,1.149999976158142,1.100000023841858,1.149999976158142,327173
2021-10-07 00:00:00+00:00,1.2000000476837158,1.2000000476837158,1.2000000476837158,1.100000023841858,1.149999976158142,554785
2021-10-08 00:00:00+00:00,1.25,1.25,1.25,1.2000000476837158,1.25,344831
2021-10-11 00:00:00+00:00,1.2999999523162842,1.2999999523162842,1.2999999523162842,1.25,1.2999999523162842,357278
2021-10-12 00:00:00+00:00,1.2999999523162842,1.2999999523162842,1.350000023841858,1.25,1.25,253731
2021-10-13 00:00:00+00:00,1.25,1.25,1.350000023841858,1.25,1.25,408501
2021-10-14 00:00:00+00:00,1.2000000476837158,1.2000000476837158,1.25,1.2000000476837158,1.2000000476837158,805227
2021-10-18 00:00:00+00:00,1.25,1.25,1.25,1.25,1.25,294987
2021-10-19 00:00:00+00:00,1.2999999523162842,1.2999999523162842,1.2999999523162842,1.2999999523162842,1.2999999523162842,149288
2021-10-20 00:00:00+00:00,1.2999999523162842,1.2999999523162842,1.350000023841858,1.25,1.350000023841858,447045
2021-10-21 00:00:00+00:00,1.2999999523162842,1.2999999523162842,1.350000023841858,1.25,1.350000023841858,196197
2021-10-22 00:00:00+00:00,1.25,1.25,1.350000023841858,1.25,1.2999999523162842,915107
2021-10-25 00:00:00+00:00,1.2000000476837158,1.2000000476837158,1.2999999523162842,1.2000000476837158,1.2999999523162842,112854
2021-10-26 00:00:00+00:00,1.2000000476837158,1.2000000476837158,1.25,1.149999976158142,1.2000000476837158,171549
2021-10-27 00:00:00+00:00,1.2000000476837158,1.2000000476837158,1.2000000476837158,1.149999976158142,1.2000000476837158,144682
2021-10-28 00:00:00+00:00,1.149999976158142,1.149999976158142,1.2000000476837158,1.149999976158142,1.2000000476837158,285033
2021-10-29 00:00:00+00:00,1.149999976158142,1.149999976158142,1.2000000476837158,1.100000023841858,1.2000000476837158,139914
2021-11-01 00:00:00+00:00,1.2000000476837158,1.2000000476837158,1.2000000476837158,1.149999976158142,1.149999976158142,67563
2021-11-02 00:00:00+00:00,1.2000000476837158,1.2000000476837158,1.25,1.149999976158142,1.25,206014
2021-11-03 00:00:00+00:00,1.25,1.25,1.25,1.25,1.25,101675
2021-11-04 00:00:00+00:00,1.2999999523162842,1.2999999523162842,1.2999999523162842,1.25,1.2999999523162842,48856
2021-11-08 00:00:00+00:00,1.350000023841858,1.350000023841858,1.350000023841858,1.25,1.350000023841858,222357
2021-11-09 00:00:00+00:00,1.2999999523162842,1.2999999523162842,1.350000023841858,1.2999999523162842,1.2999999523162842,174108
2021-11-10 00:00:00+00:00,1.2999999523162842,1.2999999523162842,1.350000023841858,1.25,1.25,108786
2021-11-11 00:00:00+00:00,1.2999999523162842,1.2999999523162842,1.350000023841858,1.25,1.350000023841858,113452
2021-11-12 00:00:00+00:00,1.25,1.25,1.2999999523162842,1.25,1.2999999523162842,573580
2021-11-15 00:00:00+00:00,1.2000000476837158,1.2000000476837158,1.2999999523162842,1.2000000476837158,1.25,577908
2021-11-16 00:00:00+00:00,1.25,1.25,1.25,1.2000000476837158,1.25,61665
2021-11-17 00:00:00+00:00,1.2000000476837158,1.2000000476837158,1.2999999523162842,1.2000000476837158,1.25,345326
2021-11-18 00:00:00+00:00,1.2000000476837158,1.2000000476837158,1.25,1.149999976158142,1.2000000476837158,356381
2021-11-22 00:00:00+00:00,1.25,1.25,1.25,1.2000000476837158,1.25,482038
2021-11-23 00:00:00+00:00,1.2999999523162842,1.2999999523162842,1.2999999523162842,1.25,1.2999999523162842,152037
2021-11-24 00:00:00+00:00,1.350000023841858,1.350000023841858,1.350000023841858,1.350000023841858,1.350000023841858,43037
2021-11-25 00:00:00+00:00,1.399999976158142,1.399999976158142,1.399999976158142,1.399999976158142,1.399999976158142,60869
2021-11-26 00:00:00+00:00,1.4500000476837158,1.4500000476837158,1.4500000476837158,1.4500000476837158,1.4500000476837158,96438
2021-11-29 00:00:00+00:00,1.5,1.5,1.5,1.4500000476837158,1.5,477341
2021-11-30 00:00:00+00:00,1.5499999523162842,1.5499999523162842,1.5499999523162842,1.4500000476837158,1.4500000476837158,448780
2021-12-01 00:00:00+00:00,1.5,1.5,1.5499999523162842,1.5,1.5499999523162842,350080
2021-12-02 00:00:00+00:00,1.4500000476837158,1.4500000476837158,1.5,1.4500000476837158,1.5,186027
2021-12-03 00:00:00+00:00,1.399999976158142,1.399999976158142,1.4500000476837158,1.399999976158142,1.4500000476837158,121595
2021-12-06 00:00:00+00:00,1.4500000476837158,1.4500000476837158,1.4500000476837158,1.350000023841858,1.399999976158142,360785
2021-12-07 00:00:00+00:00,1.5,1.5,1.5,1.4500000476837158,1.5,160217
2021-12-08 00:00:00+00:00,1.5499999523162842,1.5499999523162842,1.5499999523162842,1.5,1.5,159083
2021-12-09 00:00:00+00:00,1.600000023841858,1.600000023841858,1.600000023841858,1.600000023841858,1.600000023841858,86204
2021-12-10 00:00:00+00:00,1.649999976158142,1.649999976158142,1.649999976158142,1.649999976158142,1.649999976158142,43013
2021-12-13 00:00:00+00:00,1.7000000476837158,1.7000000476837158,1.7000000476837158,1.7000000476837158,1.7000000476837158,45535
2021-12-14 00:00:00+00:00,1.75,1.75,1.75,1.75,1.75,42196
2021-12-15 00:00:00+00:00,1.7999999523162842,1.7999999523162842,1.7999999523162842,1.7999999523162842,1.7999999523162842,65915
2021-12-16 00:00:00+00:00,1.850000023841858,1.850000023841858,1.850000023841858,1.75,1.850000023841858,338263
2021-12-17 00:00:00+00:00,1.899999976158142,1.899999976158142,1.899999976158142,1.7999999523162842,1.899999976158142,308806
2021-12-20 00:00:00+00:00,1.9500000476837158,1.9500000476837158,1.9500000476837158,1.9500000476837158,1.9500000476837158,205198
2021-12-21 00:00:00+00:00,2.0,2.0,2.0,2.0,2.0,102659
2021-12-22 00:00:00+00:00,2.0999999046325684,2.0999999046325684,2.0999999046325684,2.0999999046325684,2.0999999046325684,50489
2021-12-23 00:00:00+00:00,2.200000047683716,2.200000047683716,2.200000047683716,2.200000047683716,2.200000047683716,60648
2021-12-24 00:00:00+00:00,2.299999952316284,2.299999952316284,2.299999952316284,2.299999952316284,2.299999952316284,27157
2021-12-27 00:00:00+00:00,2.4000000953674316,2.4000000953674316,2.4000000953674316,2.4000000953674316,2.4000000953674316,176802
2021-12-28 00:00:00+00:00,2.5,2.5,2.5,2.5,2.5,28976
2021-12-29 00:00:00+00:00,2.5999999046325684,2.5999999046325684,2.5999999046325684,2.5999999046325684,2.5999999046325684,75350
2021-12-30 00:00:00+00:00,2.700000047683716,2.700000047683716,2.700000047683716,2.700000047683716,2.700000047683716,26628
2021-12-31 00:00:00+00:00,2.799999952316284,2.799999952316284,2.799999952316284,2.799999952316284,2.799999952316284,61748
2022-01-03 00:00:00+00:00,2.9000000953674316,2.9000000953674316,2.9000000953674316,2.9000000953674316,2.9000000953674316,77703
2022-01-04 00:00:00+00:00,3.0,3.0,3.0,3.0,3.0,64213
2022-01-05 00:00:00+00:00,3.1500000953674316,3.1500000953674316,3.1500000953674316,3.1500000953674316,3.1500000953674316,57125
2022-01-06 00:00:00+00:00,3.299999952316284,3.299999952316284,3.299999952316284,3.299999952316284,3.299999952316284,43917
2022-01-07 00:00:00+00:00,3.450000047683716,3.450000047683716,3.450000047683716,3.450000047683716,3.450000047683716,199356
2022-01-10 00:00:00+00:00,3.5999999046325684,3.5999999046325684,3.5999999046325684,3.5999999046325684,3.5999999046325684,47327
2022-01-11 00:00:00+00:00,3.75,3.75,3.75,3.75,3.75,52420
2022-01-12 00:00:00+00:00,3.9000000953674316,3.9000000953674316,3.9000000953674316,3.9000000953674316,3.9000000953674316,650042
2022-01-13 00:00:00+00:00,3.75,3.75,3.75,3.75,3.75,844755
2022-01-14 00:00:00+00:00,3.5999999046325684,3.5999999046325684,3.5999999046325684,3.5999999046325684,3.5999999046325684,514065
2022-01-17 00:00:00+00:00,3.450000047683716,3.450000047683716,3.549999952316284,3.450000047683716,3.5,605666
2022-01-18 00:00:00+00:00,3.5999999046325684,3.5999999046325684,3.5999999046325684,3.299999952316284,3.4000000953674316,388972
2022-01-19 00:00:00+00:00,3.75,3.75,3.75,3.75,3.75,327975
2022-01-20 00:00:00+00:00,3.9000000953674316,3.9000000953674316,3.9000000953674316,3.9000000953674316,3.9000000953674316,68601
2022-01-21 00:00:00+00:00,4.050000190734863,4.050000190734863,4.050000190734863,4.050000190734863,4.050000190734863,395423
2022-01-24 00:00:00+00:00,3.8499999046325684,3.8499999046325684,4.25,3.8499999046325684,4.25,577919
2022-01-25 00:00:00+00:00,3.75,3.75,4.0,3.700000047683716,3.700000047683716,431517
2022-01-27 00:00:00+00:00,3.75,3.75,3.9000000953674316,3.5999999046325684,3.700000047683716,369051
2022-01-28 00:00:00+00:00,3.5999999046325684,3.5999999046325684,3.9000000953674316,3.5999999046325684,3.9000000953674316,300101
2022-01-31 00:00:00+00:00,3.450000047683716,3.450000047683716,3.450000047683716,3.450000047683716,3.450000047683716,97868
2022-02-01 00:00:00+00:00,3.299999952316284,3.299999952316284,3.299999952316284,3.299999952316284,3.299999952316284,79367
2022-02-02 00:00:00+00:00,3.450000047683716,3.450000047683716,3.450000047683716,3.1500000953674316,3.1500000953674316,375861
2022-02-03 00:00:00+00:00,3.5999999046325684,3.5999999046325684,3.5999999046325684,3.5,3.5999999046325684,147319
2022-02-04 00:00:00+00:00,3.5999999046325684,3.5999999046325684,3.75,3.450000047683716,3.75,310807
2022-02-07 00:00:00+00:00,3.450000047683716,3.450000047683716,3.700000047683716,3.450000047683716,3.450000047683716,184646
2022-02-08 00:00:00+00:00,3.299999952316284,3.299999952316284,3.5,3.299999952316284,3.5,85709
2022-02-09 00:00:00+00:00,3.1500000953674316,3.1500000953674316,3.299999952316284,3.1500000953674316,3.299999952316284,144232
2022-02-10 00:00:00+00:00,3.0,3.0,3.0,3.0,3.0,82520
2022-02-11 00:00:00+00:00,3.1500000953674316,3.1500000953674316,3.1500000953674316,2.8499999046325684,2.950000047683716,310221
2022-02-14 00:00:00+00:00,3.0,3.0,3.299999952316284,3.0,3.25,295827
2022-02-15 00:00:00+00:00,2.8499999046325684,2.8499999046325684,3.0999999046325684,2.8499999046325684,3.0,175807
2022-02-16 00:00:00+00:00,2.950000047683716,2.950000047683716,2.950000047683716,2.8499999046325684,2.8499999046325684,59615
2022-02-17 00:00:00+00:00,3.049999952316284,3.049999952316284,3.049999952316284,3.0,3.0,56874
2022-02-18 00:00:00+00:00,3.200000047683716,3.200000047683716,3.200000047683716,3.1500000953674316,3.200000047683716,312121
2022-02-21 00:00:00+00:00,3.049999952316284,3.049999952316284,3.3499999046325684,3.049999952316284,3.3499999046325684,481113
2022-02-22 00:00:00+00:00,2.9000000953674316,2.9000000953674316,2.9000000953674316,2.9000000953674316,2.9000000953674316,80934
2022-02-23 00:00:00+00:00,2.9000000953674316,2.9000000953674316,3.0,2.799999952316284,2.799999952316284,219249
2022-02-24 00:00:00+00:00,2.799999952316284,2.799999952316284,2.8499999046325684,2.799999952316284,2.8499999046325684,29930
2022-02-25 00:00:00+00:00,2.700000047683716,2.700000047683716,2.799999952316284,2.700000047683716,2.700000047683716,172250
2022-02-28 00:00:00+00:00,2.5999999046325684,2.5999999046325684,2.6500000953674316,2.5999999046325684,2.5999999046325684,72129
2022-03-02 00:00:00+00:00,2.5999999046325684,2.5999999046325684,2.700000047683716,2.5,2.6500000953674316,126901
2022-03-03 00:00:00+00:00,2.5999999046325684,2.5999999046325684,2.700000047683716,2.5,2.700000047683716,105315
2022-03-04 00:00:00+00:00,2.5,2.5,2.700000047683716,2.5,2.700000047683716,177170
2022-03-07 00:00:00+00:00,2.4000000953674316,2.4000000953674316,2.5,2.4000000953674316,2.5,72923
2022-03-08 00:00:00+00:00,2.299999952316284,2.299999952316284,2.5,2.299999952316284,2.450000047683716,119306
2022-03-09 00:00:00+00:00,2.25,2.25,2.3499999046325684,2.200000047683716,2.3499999046325684,117981
2022-03-10 00:00:00+00:00,2.3499999046325684,2.3499999046325684,2.3499999046325684,2.299999952316284,2.3499999046325684,119661
2022-03-11 00:00:00+00:00,2.450000047683716,2.450000047683716,2.450000047683716,2.450000047683716,2.450000047683716,18838
2022-03-14 00:00:00+00:00,2.549999952316284,2.549999952316284,2.549999952316284,2.549999952316284,2.549999952316284,242703
2022-03-15 00:00:00+00:00,2.6500000953674316,2.6500000953674316,2.6500000953674316,2.6500000953674316,2.6500000953674316,22059
2022-03-16 00:00:00+00:00,2.75,2.75,2.75,2.75,2.75,73088
2022-03-17 00:00:00+00:00,2.8499999046325684,2.8499999046325684,2.8499999046325684,2.8499999046325684,2.8499999046325684,17310
2022-03-21 00:00:00+00:00,2.950000047683716,2.950000047683716,2.950000047683716,2.950000047683716,2.950000047683716,203439
2022-03-22 00:00:00+00:00,3.049999952316284,3.049999952316284,3.049999952316284,3.049999952316284,3.049999952316284,61616
2022-03-23 00:00:00+00:00,3.0,3.0,3.200000047683716,2.9000000953674316,3.049999952316284,278164
2022-03-24 00:00:00+00:00,2.8499999046325684,2.8499999046325684,2.950000047683716,2.8499999046325684,2.950000047683716,93647
2022-03-25 00:00:00+00:00,2.799999952316284,2.799999952316284,2.9000000953674316,2.75,2.75,170444
2022-03-28 00:00:00+00:00,2.700000047683716,2.700000047683716,2.9000000953674316,2.700000047683716,2.8499999046325684,294361
2022-03-29 00:00:00+00:00,2.5999999046325684,2.5999999046325684,2.700000047683716,2.5999999046325684,2.5999999046325684,184581
2022-03-30 00:00:00+00:00,2.700000047683716,2.700000047683716,2.700000047683716,2.5,2.5,284288
2022-03-31 00:00:00+00:00,2.6500000953674316,2.6500000953674316,2.799999952316284,2.5999999046325684,2.799999952316284,367625
2022-04-01 00:00:00+00:00,2.5999999046325684,2.5999999046325684,2.75,2.549999952316284,2.549999952316284,303688
2022-04-04 00:00:00+00:00,2.700000047683716,2.700000047683716,2.700000047683716,2.5999999046325684,2.6500000953674316,122139
2022-04-05 00:00:00+00:00,2.799999952316284,2.799999952316284,2.799999952316284,2.5999999046325684,2.799999952316284,203899
2022-04-06 00:00:00+00:00,2.700000047683716,2.700000047683716,2.8499999046325684,2.700000047683716,2.8499999046325684,205858
2022-04-07 00:00:00+00:00,2.950000047683716,2.950000047683716,2.950000047683716,2.700000047683716,2.799999952316284,260844
2022-04-08 00:00:00+00:00,3.200000047683716,3.200000047683716,3.200000047683716,3.0999999046325684,3.1500000953674316,157639
2022-04-11 00:00:00+00:00,3.5,3.5,3.5,3.450000047683716,3.5,228458
2022-04-12 00:00:00+00:00,3.6500000953674316,3.6500000953674316,3.6500000953674316,3.6500000953674316,3.6500000953674316,127563
2022-04-13 00:00:00+00:00,3.799999952316284,3.799999952316284,3.799999952316284,3.799999952316284,3.799999952316284,160148
2022-04-18 00:00:00+00:00,3.6500000953674316,3.6500000953674316,3.950000047683716,3.6500000953674316,3.950000047683716,758748
2022-04-19 00:00:00+00:00,3.5,3.5,3.5,3.5,3.5,148112
2022-04-20 00:00:00+00:00,3.3499999046325684,3.3499999046325684,3.450000047683716,3.3499999046325684,3.3499999046325684,195795
2022-04-21 00:00:00+00:00,3.200000047683716,3.200000047683716,3.200000047683716,3.200000047683716,3.200000047683716,32299
2022-04-22 00:00:00+00:00,3.049999952316284,3.049999952316284,3.049999952316284,3.049999952316284,3.049999952316284,38517
2022-04-25 00:00:00+00:00,2.9000000953674316,2.9000000953674316,2.9000000953674316,2.9000000953674316,2.9000000953674316,58134
2022-04-26 00:00:00+00:00,3.0,3.0,3.0,2.799999952316284,2.799999952316284,310804
2022-04-27 00:00:00+00:00,3.1500000953674316,3.1500000953674316,3.1500000953674316,3.0999999046325684,3.1500000953674316,79684
2022-04-28 00:00:00+00:00,3.299999952316284,3.299999952316284,3.299999952316284,3.049999952316284,3.299999952316284,366035
2022-04-29 00:00:00+00:00,3.1500000953674316,3.1500000953674316,3.3499999046325684,3.1500000953674316,3.3499999046325684,113358
2022-05-02 00:00:00+00:00,3.0,3.0,3.0999999046325684,3.0,3.0,120882
2022-05-04 00:00:00+00:00,2.8499999046325684,2.8499999046325684,3.049999952316284,2.8499999046325684,2.8499999046325684,188379
2022-05-05 00:00:00+00:00,2.799999952316284,2.799999952316284,2.950000047683716,2.75,2.799999952316284,145327
2022-05-06 00:00:00+00:00,2.8499999046325684,2.8499999046325684,2.9000000953674316,2.700000047683716,2.9000000953674316,165802
2022-05-09 00:00:00+00:00,2.75,2.75,2.9000000953674316,2.75,2.9000000953674316,133752
2022-05-10 00:00:00+00:00,2.6500000953674316,2.6500000953674316,2.700000047683716,2.6500000953674316,2.6500000953674316,71735
2022-05-11 00:00:00+00:00,2.549999952316284,2.549999952316284,2.5999999046325684,2.549999952316284,2.549999952316284,205434
2022-05-12 00:00:00+00:00,2.450000047683716,2.450000047683716,2.450000047683716,2.450000047683716,2.450000047683716,35387
2022-05-13 00:00:00+00:00,2.3499999046325684,2.3499999046325684,2.5,2.3499999046325684,2.3499999046325684,130433
2022-05-16 00:00:00+00:00,2.450000047683716,2.450000047683716,2.450000047683716,2.3499999046325684,2.450000047683716,106841
2022-05-17 00:00:00+00:00,2.549999952316284,2.549999952316284,2.549999952316284,2.5,2.5,13295
2022-05-18 00:00:00+00:00,2.6500000953674316,2.6500000953674316,2.6500000953674316,2.6500000953674316,2.6500000953674316,17457
2022-05-19 00:00:00+00:00,2.75,2.75,2.75,2.700000047683716,2.75,209146
2022-05-20 00:00:00+00:00,2.8499999046325684,2.8499999046325684,2.8499999046325684,2.8499999046325684,2.8499999046325684,85455
2022-05-23 00:00:00+00:00,2.950000047683716,2.950000047683716,2.950000047683716,2.950000047683716,2.950000047683716,45025
2022-05-24 00:00:00+00:00,2.8499999046325684,2.8499999046325684,3.049999952316284,2.8499999046325684,3.049999952316284,112633
2022-05-25 00:00:00+00:00,2.75,2.75,2.8499999046325684,2.75,2.8499999046325684,18019
2022-05-26 00:00:00+00:00,2.8499999046325684,2.8499999046325684,2.8499999046325684,2.6500000953674316,2.6500000953674316,144026
2022-05-27 00:00:00+00:00,2.950000047683716,2.950000047683716,2.950000047683716,2.8499999046325684,2.950000047683716,65844
2022-05-30 00:00:00+00:00,3.0,3.0,3.049999952316284,2.950000047683716,3.049999952316284,173536
2022-05-31 00:00:00+00:00,2.8499999046325684,2.8499999046325684,3.0,2.8499999046325684,2.9000000953674316,203767
2022-06-01 00:00:00+00:00,2.799999952316284,2.799999952316284,2.950000047683716,2.75,2.950000047683716,49374
2022-06-02 00:00:00+00:00,2.799999952316284,2.799999952316284,2.9000000953674316,2.700000047683716,2.75,94215
2022-06-03 00:00:00+00:00,2.700000047683716,2.700000047683716,2.9000000953674316,2.700000047683716,2.700000047683716,385464
2022-06-06 00:00:00+00:00,2.5999999046325684,2.5999999046325684,2.75,2.5999999046325684,2.75,48349
2022-06-07 00:00:00+00:00,2.700000047683716,2.700000047683716,2.700000047683716,2.5999999046325684,2.700000047683716,47958
2022-06-08 00:00:00+00:00,2.5999999046325684,2.5999999046325684,2.75,2.5999999046325684,2.700000047683716,91476
2022-06-09 00:00:00+00:00,2.6500000953674316,2.6500000953674316,2.700000047683716,2.549999952316284,2.549999952316284,45958
2022-06-10 00:00:00+00:00,2.549999952316284,2.549999952316284,2.700000047683716,2.549999952316284,2.700000047683716,91336
2022-06-13 00:00:00+00:00,2.5,2.5,2.549999952316284,2.450000047683716,2.549999952316284,85112
2022-06-14 00:00:00+00:00,2.450000047683716,2.450000047683716,2.5,2.4000000953674316,2.5,181172
2022-06-15 00:00:00+00:00,2.450000047683716,2.450000047683716,2.450000047683716,2.3499999046325684,2.450000047683716,40521
2022-06-16 00:00:00+00:00,2.3499999046325684,2.3499999046325684,2.5,2.3499999046325684,2.3499999046325684,129655
2022-06-17 00:00:00+00:00,2.299999952316284,2.299999952316284,2.3499999046325684,2.25,2.3499999046325684,115981
2022-06-20 00:00:00+00:00,2.200000047683716,2.200000047683716,2.299999952316284,2.200000047683716,2.200000047683716,40565
2022-06-21 00:00:00+00:00,2.200000047683716,2.200000047683716,2.25,2.0999999046325684,2.200000047683716,61078
2022-06-22 00:00:00+00:00,2.0999999046325684,2.0999999046325684,2.299999952316284,2.0999999046325684,2.299999952316284,95789
2022-06-23 00:00:00+00:00,2.1500000953674316,2.1500000953674316,2.200000047683716,2.0999999046325684,2.200000047683716,74167
2022-06-24 00:00:00+00:00,2.25,2.25,2.25,2.1500000953674316,2.200000047683716,58359
2022-06-27 00:00:00+00:00,2.3499999046325684,2.3499999046325684,2.3499999046325684,2.200000047683716,2.200000047683716,126830
2022-06-28 00:00:00+00:00,2.3499999046325684,2.3499999046325684,2.450000047683716,2.299999952316284,2.450000047683716,38169
2022-06-29 00:00:00+00:00,2.3499999046325684,2.3499999046325684,2.450000047683716,2.25,2.3499999046325684,52046
2022-06-30 00:00:00+00:00,2.25,2.25,2.450000047683716,2.25,2.450000047683716,62219
2022-07-01 00:00:00+00:00,2.1500000953674316,2.1500000953674316,2.299999952316284,2.1500000953674316,2.299999952316284,122326
2022-07-04 00:00:00+00:00,2.1500000953674316,2.1500000953674316,2.25,2.049999952316284,2.25,39884
2022-07-05 00:00:00+00:00,2.049999952316284,2.049999952316284,2.200000047683716,2.049999952316284,2.1500000953674316,110893
2022-07-06 00:00:00+00:00,2.0999999046325684,2.0999999046325684,2.0999999046325684,2.049999952316284,2.0999999046325684,36148
2022-07-07 00:00:00+00:00,2.0999999046325684,2.0999999046325684,2.200000047683716,2.049999952316284,2.200000047683716,59754
2022-07-08 00:00:00+00:00,2.049999952316284,2.049999952316284,2.200000047683716,2.0,2.0999999046325684,59657
2022-07-11 00:00:00+00:00,2.0,2.0,2.0999999046325684,2.0,2.049999952316284,71384
2022-07-12 00:00:00+00:00,2.0,2.0,2.0999999046325684,1.9500000476837158,2.049999952316284,92331
2022-07-13 00:00:00+00:00,1.9500000476837158,1.9500000476837158,2.0,1.899999976158142,2.0,142204
2022-07-14 00:00:00+00:00,2.0,2.0,2.0,1.899999976158142,2.0,155496
2022-07-15 00:00:00+00:00,1.9500000476837158,1.9500000476837158,2.049999952316284,1.9500000476837158,2.0,126158
2022-07-18 00:00:00+00:00,1.9500000476837158,1.9500000476837158,2.0,1.9500000476837158,2.0,38752
2022-07-19 00:00:00+00:00,2.0,2.0,2.0,1.9500000476837158,2.0,59724
2022-07-20 00:00:00+00:00,2.0999999046325684,2.0999999046325684,2.0999999046325684,2.0,2.049999952316284,84273
2022-07-21 00:00:00+00:00,2.200000047683716,2.200000047683716,2.200000047683716,2.0999999046325684,2.1500000953674316,73252
2022-07-22 00:00:00+00:00,2.299999952316284,2.299999952316284,2.299999952316284,2.299999952316284,2.299999952316284,21602
2022-07-25 00:00:00+00:00,2.4000000953674316,2.4000000953674316,2.4000000953674316,2.4000000953674316,2.4000000953674316,85669
2022-07-26 00:00:00+00:00,2.5,2.5,2.5,2.4000000953674316,2.5,246466
2022-07-27 00:00:00+00:00,2.5999999046325684,2.5999999046325684,2.5999999046325684,2.5,2.5,104180
2022-07-28 00:00:00+00:00,2.700000047683716,2.700000047683716,2.700000047683716,2.700000047683716,2.700000047683716,36186
2022-07-29 00:00:00+00:00,2.5999999046325684,2.5999999046325684,2.799999952316284,2.5999999046325684,2.799999952316284,905127
2022-08-01 00:00:00+00:00,2.5,2.5,2.549999952316284,2.5,2.5,78916
2022-08-02 00:00:00+00:00,2.4000000953674316,2.4000000953674316,2.4000000953674316,2.4000000953674316,2.4000000953674316,14339
2022-08-03 00:00:00+00:00,2.299999952316284,2.299999952316284,2.4000000953674316,2.299999952316284,2.299999952316284,188668
2022-08-04 00:00:00+00:00,2.200000047683716,2.200000047683716,2.3499999046325684,2.200000047683716,2.200000047683716,384341
2022-08-05 00:00:00+00:00,2.25,2.25,2.299999952316284,2.0999999046325684,2.0999999046325684,201236
2022-08-08 00:00:00+00:00,2.1500000953674316,2.1500000953674316,2.299999952316284,2.1500000953674316,2.25,169314
2022-08-10 00:00:00+00:00,2.1500000953674316,2.1500000953674316,2.25,2.0999999046325684,2.1500000953674316,165049
2022-08-11 00:00:00+00:00,2.0999999046325684,2.0999999046325684,2.1500000953674316,2.049999952316284,2.1500000953674316,116628
2022-08-12 00:00:00+00:00,2.049999952316284,2.049999952316284,2.1500000953674316,2.0,2.1500000953674316,300078
2022-08-16 00:00:00+00:00,2.049999952316284,2.049999952316284,2.1500000953674316,2.0,2.0,247891
2022-08-17 00:00:00+00:00,2.0999999046325684,2.0999999046325684,2.0999999046325684,2.0,2.0999999046325684,82663
2022-08-18 00:00:00+00:00,2.0,2.0,2.1500000953674316,2.0,2.1500000953674316,213966
2022-08-19 00:00:00+00:00,2.0999999046325684,2.0999999046325684,2.0999999046325684,2.0,2.0,289580
2022-08-22 00:00:00+00:00,2.049999952316284,2.049999952316284,2.200000047683716,2.049999952316284,2.1500000953674316,160875
2022-08-23 00:00:00+00:00,2.049999952316284,2.049999952316284,2.0999999046325684,2.0,2.0,66726
2022-08-24 00:00:00+00:00,2.049999952316284,2.049999952316284,2.0999999046325684,2.0,2.049999952316284,79071
2022-08-25 00:00:00+00:00,2.049999952316284,2.049999952316284,2.0999999046325684,1.9500000476837158,2.049999952316284,295466
2022-08-26 00:00:00+00:00,2.049999952316284,2.049999952316284,2.0999999046325684,2.0,2.049999952316284,116922
2022-08-29 00:00:00+00:00,2.049999952316284,2.049999952316284,2.049999952316284,2.0,2.049999952316284,42445
2022-08-30 00:00:00+00:00,2.1500000953674316,2.1500000953674316,2.1500000953674316,2.0,2.0,477370
2022-09-01 00:00:00+00:00,2.0999999046325684,2.0999999046325684,2.200000047683716,2.0999999046325684,2.200000047683716,70107
2022-09-02 00:00:00+00:00,2.049999952316284,2.049999952316284,2.1500000953674316,2.0,2.1500000953674316,167085
2022-09-05 00:00:00+00:00,2.0,2.0,2.0999999046325684,1.9500000476837158,2.0999999046325684,262595
2022-09-06 00:00:00+00:00,2.0,2.0,2.049999952316284,1.9500000476837158,2.049999952316284,116927
2022-09-07 00:00:00+00:00,2.049999952316284,2.049999952316284,2.049999952316284,2.0,2.049999952316284,167426
2022-09-08 00:00:00+00:00,2.049999952316284,2.049999952316284,2.1500000953674316,2.0,2.1500000953674316,251104
2022-09-09 00:00:00+00:00,2.049999952316284,2.049999952316284,2.0999999046325684,2.0,2.0,59838
2022-09-12 00:00:00+00:00,2.049999952316284,2.049999952316284,2.0999999046325684,2.0,2.0999999046325684,151712
2022-09-13 00:00:00+00:00,2.049999952316284,2.049999952316284,2.049999952316284,2.0,2.049999952316284,112678
2022-09-14 00:00:00+00:00,2.0,2.0,2.049999952316284,1.9500000476837158,2.049999952316284,133690
2022-09-15 00:00:00+00:00,1.9500000476837158,1.9500000476837158,2.049999952316284,1.899999976158142,2.049999952316284,368498
2022-09-16 00:00:00+00:00,1.899999976158142,1.899999976158142,2.0,1.899999976158142,1.9500000476837158,328495
2022-09-19 00:00:00+00:00,1.850000023841858,1.850000023841858,1.9500000476837158,1.850000023841858,1.850000023841858,107311
2022-09-20 00:00:00+00:00,1.7999999523162842,1.7999999523162842,1.899999976158142,1.7999999523162842,1.899999976158142,445345
2022-09-21 00:00:00+00:00,1.7999999523162842,1.7999999523162842,1.850000023841858,1.75,1.7999999523162842,358509
2022-09-22 00:00:00+00:00,1.850000023841858,1.850000023841858,1.850000023841858,1.7999999523162842,1.850000023841858,93862
2022-09-23 00:00:00+00:00,1.7999999523162842,1.7999999523162842,1.899999976158142,1.7999999523162842,1.899999976158142,32518
2022-09-26 00:00:00+00:00,1.75,1.75,1.850000023841858,1.75,1.850000023841858,137976
2022-09-27 00:00:00+00:00,1.7999999523162842,1.7999999523162842,1.7999999523162842,1.7000000476837158,1.7000000476837158,139623
2022-09-28 00:00:00+00:00,1.850000023841858,1.850000023841858,1.850000023841858,1.75,1.75,109822
2022-09-29 00:00:00+00:00,1.7999999523162842,1.7999999523162842,1.850000023841858,1.7999999523162842,1.850000023841858,71077
2022-09-30 00:00:00+00:00,1.850000023841858,1.850000023841858,1.850000023841858,1.75,1.850000023841858,327515
2022-10-03 00:00:00+00:00,1.899999976158142,1.899999976158142,1.899999976158142,1.850000023841858,1.899999976158142,41499
2022-10-04 00:00:00+00:00,1.9500000476837158,1.9500000476837158,1.9500000476837158,1.899999976158142,1.9500000476837158,104557
2022-10-06 00:00:00+00:00,1.899999976158142,1.899999976158142,1.9500000476837158,1.899999976158142,1.9500000476837158,75503
2022-10-07 00:00:00+00:00,1.850000023841858,1.850000023841858,1.899999976158142,1.850000023841858,1.899999976158142,64781
2022-10-10 00:00:00+00:00,1.75,1.75,1.7999999523162842,1.7000000476837158,1.75,64384
2022-10-11 00:00:00+00:00,1.75,1.75,1.7999999523162842,1.7000000476837158,1.75,53874
2022-10-12 00:00:00+00:00,1.75,1.75,1.7999999523162842,1.7000000476837158,1.75,238287
2022-10-13 00:00:00+00:00,1.850000023841858,1.850000023841858,1.899999976158142,1.75,1.75,117970
2022-10-14 00:00:00+00:00,1.7999999523162842,1.7999999523162842,1.899999976158142,1.7999999523162842,1.850000023841858,120594
2022-10-17 00:00:00+00:00,1.75,1.75,1.850000023841858,1.75,1.75,60796
2022-10-18 00:00:00+00:00,1.75,1.75,1.7999999523162842,1.75,1.75,34205
2022-10-19 00:00:00+00:00,1.75,1.75,1.7999999523162842,1.75,1.7999999523162842,24937
2022-10-20 00:00:00+00:00,1.7999999523162842,1.7999999523162842,1.7999999523162842,1.7000000476837158,1.7999999523162842,78853
2022-10-21 00:00:00+00:00,1.7000000476837158,1.7000000476837158,1.7999999523162842,1.7000000476837158,1.7999999523162842,39783
2022-10-24 00:00:00+00:00,1.7999999523162842,1.7999999523162842,1.7999999523162842,1.75,1.7999999523162842,50231
2022-10-25 00:00:00+00:00,1.75,1.75,1.7999999523162842,1.7000000476837158,1.75,73928
2022-10-27 00:00:00+00:00,1.75,1.75,1.7999999523162842,1.7000000476837158,1.75,102997
2022-10-28 00:00:00+00:00,1.7999999523162842,1.7999999523162842,1.7999999523162842,1.75,1.7999999523162842,59727
2022-10-31 00:00:00+00:00,1.7000000476837158,1.7000000476837158,1.7999999523162842,1.7000000476837158,1.75,78864
2022-11-01 00:00:00+00:00,1.850000023841858,1.850000023841858,1.850000023841858,1.7000000476837158,1.7000000476837158,241403
2022-11-02 00:00:00+00:00,2.0,2.0,2.0,1.9500000476837158,1.9500000476837158,166082
2022-11-03 00:00:00+00:00,2.200000047683716,2.200000047683716,2.200000047683716,2.0999999046325684,2.200000047683716,1011151
2022-11-04 00:00:00+00:00,2.299999952316284,2.299999952316284,2.299999952316284,2.200000047683716,2.299999952316284,1088269
2022-11-07 00:00:00+00:00,2.4000000953674316,2.4000000953674316,2.4000000953674316,2.3499999046325684,2.4000000953674316,192751
2022-11-09 00:00:00+00:00,2.5,2.5,2.5,2.5,2.5,398607
2022-11-10 00:00:00+00:00,2.5999999046325684,2.5999999046325684,2.5999999046325684,2.5999999046325684,2.5999999046325684,60075
2022-11-11 00:00:00+00:00,2.5,2.5,2.700000047683716,2.5,2.700000047683716,2336500
2022-11-14 00:00:00+00:00,2.4000000953674316,2.4000000953674316,2.4000000953674316,2.4000000953674316,2.4000000953674316,90700
2022-11-15 00:00:00+00:00,2.299999952316284,2.299999952316284,2.299999952316284,2.299999952316284,2.299999952316284,78705
2022-11-16 00:00:00+00:00,2.200000047683716,2.200000047683716,2.299999952316284,2.200000047683716,2.200000047683716,140880
2022-11-17 00:00:00+00:00,2.0999999046325684,2.0999999046325684,2.0999999046325684,2.0999999046325684,2.0999999046325684,52271
2022-11-18 00:00:00+00:00,2.049999952316284,2.049999952316284,2.200000047683716,2.0,2.0999999046325684,266207
2022-11-21 00:00:00+00:00,1.9500000476837158,1.9500000476837158,2.0999999046325684,1.9500000476837158,2.0999999046325684,140134
2022-11-22 00:00:00+00:00,2.0,2.0,2.0,1.899999976158142,1.9500000476837158,233744
2022-11-23 00:00:00+00:00,1.899999976158142,1.899999976158142,2.0999999046325684,1.899999976158142,2.0999999046325684,393429
2022-11-24 00:00:00+00:00,1.850000023841858,1.850000023841858,1.9500000476837158,1.850000023841858,1.899999976158142,204846
2022-11-25 00:00:00+00:00,1.7999999523162842,1.7999999523162842,1.899999976158142,1.7999999523162842,1.7999999523162842,188482
2022-11-28 00:00:00+00:00,1.850000023841858,1.850000023841858,1.850000023841858,1.7999999523162842,1.850000023841858,213449
2022-11-29 00:00:00+00:00,1.850000023841858,1.850000023841858,1.899999976158142,1.7999999523162842,1.899999976158142,85477
2022-11-30 00:00:00+00:00,1.7999999523162842,1.7999999523162842,1.899999976158142,1.7999999523162842,1.850000023841858,336460
2022-12-01 00:00:00+00:00,1.7999999523162842,1.7999999523162842,1.850000023841858,1.75,1.850000023841858,114186
2022-12-02 00:00:00+00:00,1.7999999523162842,1.7999999523162842,1.850000023841858,1.75,1.7999999523162842,162847
2022-12-05 00:00:00+00:00,1.75,1.75,1.7999999523162842,1.75,1.7999999523162842,297477
2022-12-06 00:00:00+00:00,1.7999999523162842,1.7999999523162842,1.7999999523162842,1.75,1.7999999523162842,203701
2022-12-07 00:00:00+00:00,1.850000023841858,1.850000023841858,1.850000023841858,1.7999999523162842,1.850000023841858,169214
2022-12-08 00:00:00+00:00,1.899999976158142,1.899999976158142,1.899999976158142,1.850000023841858,1.899999976158142,135877
2022-12-09 00:00:00+00:00,1.850000023841858,1.850000023841858,1.899999976158142,1.850000023841858,1.850000023841858,187844
2022-12-12 00:00:00+00:00,1.850000023841858,1.850000023841858,1.899999976158142,1.7999999523162842,1.850000023841858,245887
2022-12-13 00:00:00+00:00,1.850000023841858,1.850000023841858,1.850000023841858,1.7999999523162842,1.7999999523162842,77605
2022-12-14 00:00:00+00:00,1.7999999523162842,1.7999999523162842,1.850000023841858,1.7999999523162842,1.7999999523162842,117540
2022-12-15 00:00:00+00:00,1.75,1.75,1.7999999523162842,1.75,1.7999999523162842,195116
2022-12-16 00:00:00+00:00,1.7999999523162842,1.7999999523162842,1.7999999523162842,1.75,1.7999999523162842,232716
2022-12-19 00:00:00+00:00,1.75,1.75,1.850000023841858,1.75,1.7999999523162842,232016
2022-12-20 00:00:00+00:00,1.75,1.75,1.7999999523162842,1.7000000476837158,1.75,266490
2022-12-21 00:00:00+00:00,1.75,1.75,1.7999999523162842,1.7000000476837158,1.7999999523162842,135442
2022-12-22 00:00:00+00:00,1.7000000476837158,1.7000000476837158,1.7999999523162842,1.7000000476837158,1.75,215205
2022-12-23 00:00:00+00:00,1.649999976158142,1.649999976158142,1.75,1.649999976158142,1.75,166999
2022-12-26 00:00:00+00:00,1.600000023841858,1.600000023841858,1.7000000476837158,1.600000023841858,1.7000000476837158,204805
2022-12-27 00:00:00+00:00,1.649999976158142,1.649999976158142,1.649999976158142,1.600000023841858,1.649999976158142,94153
2022-12-28 00:00:00+00:00,1.649999976158142,1.649999976158142,1.7000000476837158,1.600000023841858,1.7000000476837158,56106
2022-12-29 00:00:00+00:00,1.649999976158142,1.649999976158142,1.7000000476837158,1.600000023841858,1.600000023841858,106401
2022-12-30 00:00:00+00:00,1.7000000476837158,1.7000000476837158,1.7000000476837158,1.600000023841858,1.649999976158142,64622
2023-01-02 00:00:00+00:00,1.7000000476837158,1.7000000476837158,1.7000000476837158,1.649999976158142,1.7000000476837158,135106
2023-01-03 00:00:00+00:00,1.649999976158142,1.649999976158142,1.7000000476837158,1.649999976158142,1.7000000476837158,42461
2023-01-04 00:00:00+00:00,1.649999976158142,1.649999976158142,1.7000000476837158,1.600000023841858,1.7000000476837158,75543
2023-01-05 00:00:00+00:00,1.600000023841858,1.600000023841858,1.7000000476837158,1.600000023841858,1.7000000476837158,63397
2023-01-06 00:00:00+00:00,1.649999976158142,1.649999976158142,1.649999976158142,1.600000023841858,1.649999976158142,33914
2023-01-09 00:00:00+00:00,1.600000023841858,1.600000023841858,1.7000000476837158,1.600000023841858,1.600000023841858,111056
2023-01-10 00:00:00+00:00,1.600000023841858,1.600000023841858,1.649999976158142,1.5499999523162842,1.600000023841858,81318
2023-01-11 00:00:00+00:00,1.649999976158142,1.649999976158142,1.649999976158142,1.5499999523162842,1.600000023841858,58991
2023-01-12 00:00:00+00:00,1.600000023841858,1.600000023841858,1.649999976158142,1.600000023841858,1.649999976158142,63553
2023-01-13 00:00:00+00:00,1.600000023841858,1.600000023841858,1.649999976158142,1.5499999523162842,1.600000023841858,118305
2023-01-16 00:00:00+00:00,1.600000023841858,1.600000023841858,1.649999976158142,1.5499999523162842,1.649999976158142,46774
2023-01-17 00:00:00+00:00,1.600000023841858,1.600000023841858,1.649999976158142,1.5499999523162842,1.649999976158142,32524
2023-01-18 00:00:00+00:00,1.600000023841858,1.600000023841858,1.649999976158142,1.5499999523162842,1.5499999523162842,49818
2023-01-19 00:00:00+00:00,1.5499999523162842,1.5499999523162842,1.600000023841858,1.5499999523162842,1.5499999523162842,92995
2023-01-20 00:00:00+00:00,1.5499999523162842,1.5499999523162842,1.600000023841858,1.5499999523162842,1.5499999523162842,18542
2023-01-23 00:00:00+00:00,1.5499999523162842,1.5499999523162842,1.600000023841858,1.5,1.600000023841858,156030
2023-01-24 00:00:00+00:00,1.5,1.5,1.5499999523162842,1.5,1.5499999523162842,58695
2023-01-25 00:00:00+00:00,1.5,1.5,1.5499999523162842,1.4500000476837158,1.5,195412
2023-01-27 00:00:00+00:00,1.4500000476837158,1.4500000476837158,1.4500000476837158,1.4500000476837158,1.4500000476837158,32080
2023-01-30 00:00:00+00:00,1.399999976158142,1.399999976158142,1.399999976158142,1.399999976158142,1.399999976158142,53522
2023-01-31 00:00:00+00:00,1.399999976158142,1.399999976158142,1.399999976158142,1.350000023841858,1.399999976158142,63148
2023-02-01 00:00:00+00:00,1.399999976158142,1.399999976158142,1.4500000476837158,1.350000023841858,1.399999976158142,42432
2023-02-02 00:00:00+00:00,1.399999976158142,1.399999976158142,1.4500000476837158,1.350000023841858,1.399999976158142,63291
2023-02-03 00:00:00+00:00,1.399999976158142,1.399999976158142,1.4500000476837158,1.350000023841858,1.4500000476837158,26222
2023-02-06 00:00:00+00:00,1.399999976158142,1.399999976158142,1.4500000476837158,1.350000023841858,1.4500000476837158,68233
2023-02-07 00:00:00+00:00,1.350000023841858,1.350000023841858,1.399999976158142,1.350000023841858,1.399999976158142,67805
2023-02-08 00:00:00+00:00,1.350000023841858,1.350000023841858,1.350000023841858,1.2999999523162842,1.350000023841858,79744
2023-02-09 00:00:00+00:00,1.2999999523162842,1.2999999523162842,1.350000023841858,1.2999999523162842,1.350000023841858,13176
2023-02-10 00:00:00+00:00,1.2999999523162842,1.2999999523162842,1.350000023841858,1.25,1.350000023841858,33734
2023-02-13 00:00:00+00:00,1.2999999523162842,1.2999999523162842,1.2999999523162842,1.25,1.2999999523162842,56891
2023-02-14 00:00:00+00:00,1.25,1.25,1.25,1.25,1.25,17948
2023-02-15 00:00:00+00:00,1.25,1.25,1.25,1.2000000476837158,1.25,57182
2023-02-16 00:00:00+00:00,1.25,1.25,1.25,1.2000000476837158,1.25,40448
2023-02-17 00:00:00+00:00,1.2000000476837158,1.2000000476837158,1.2000000476837158,1.2000000476837158,1.2000000476837158,11224
2023-02-20 00:00:00+00:00,1.149999976158142,1.149999976158142,1.149999976158142,1.149999976158142,1.149999976158142,45307
2023-02-21 00:00:00+00:00,1.100000023841858,1.100000023841858,1.2000000476837158,1.100000023841858,1.149999976158142,225877
2023-02-22 00:00:00+00:00,1.100000023841858,1.100000023841858,1.149999976158142,1.0499999523162842,1.149999976158142,92418
2023-02-23 00:00:00+00:00,1.100000023841858,1.100000023841858,1.100000023841858,1.0499999523162842,1.100000023841858,29270
2023-02-24 00:00:00+00:00,1.100000023841858,1.100000023841858,1.100000023841858,1.0499999523162842,1.0499999523162842,67948
2023-02-27 00:00:00+00:00,1.0499999523162842,1.0499999523162842,1.100000023841858,1.0499999523162842,1.100000023841858,91359
2023-02-28 00:00:00+00:00,1.0499999523162842,1.0499999523162842,1.100000023841858,1.0,1.100000023841858,90327
2023-03-01 00:00:00+00:00,1.0499999523162842,1.0499999523162842,1.100000023841858,1.0,1.0499999523162842,25618
2023-03-02 00:00:00+00:00,1.100000023841858,1.100000023841858,1.100000023841858,1.0499999523162842,1.100000023841858,33546
2023-03-03 00:00:00+00:00,1.100000023841858,1.100000023841858,1.149999976158142,1.0499999523162842,1.100000023841858,40574
2023-03-06 00:00:00+00:00,1.100000023841858,1.100000023841858,1.149999976158142,1.0499999523162842,1.100000023841858,27612
2023-03-08 00:00:00+00:00,1.149999976158142,1.149999976158142,1.149999976158142,1.0499999523162842,1.149999976158142,11162
2023-03-09 00:00:00+00:00,1.100000023841858,1.100000023841858,1.149999976158142,1.100000023841858,1.149999976158142,36556
2023-03-10 00:00:00+00:00,1.100000023841858,1.100000023841858,1.149999976158142,1.100000023841858,1.149999976158142,37430
2023-03-13 00:00:00+00:00,1.100000023841858,1.100000023841858,1.149999976158142,1.0499999523162842,1.149999976158142,67913
2023-03-14 00:00:00+00:00,1.0499999523162842,1.0499999523162842,1.100000023841858,1.0499999523162842,1.100000023841858,80514
2023-03-15 00:00:00+00:00,1.0499999523162842,1.0499999523162842,1.100000023841858,1.0,1.0499999523162842,8701
2023-03-16 00:00:00+00:00,1.0499999523162842,1.0499999523162842,1.100000023841858,1.0,1.100000023841858,2968
2023-03-17 00:00:00+00:00,1.0,1.0,1.0499999523162842,1.0,1.0499999523162842,28357
2023-03-20 00:00:00+00:00,1.0,1.0,1.0499999523162842,0.949999988079071,1.0,36514
2023-03-21 00:00:00+00:00,0.949999988079071,0.949999988079071,1.0499999523162842,0.949999988079071,1.0499999523162842,56011
2023-03-22 00:00:00+00:00,1.0,1.0,1.0,0.949999988079071,1.0,41459
2023-03-23 00:00:00+00:00,1.0,1.0,1.0499999523162842,0.949999988079071,1.0499999523162842,44089
2023-03-24 00:00:00+00:00,1.0,1.0,1.0499999523162842,0.949999988079071,1.0499999523162842,119516
2023-03-27 00:00:00+00:00,0.949999988079071,0.949999988079071,1.0,0.949999988079071,1.0,42647
2023-03-28 00:00:00+00:00,0.8999999761581421,0.8999999761581421,0.949999988079071,0.8999999761581421,0.8999999761581421,28043
2023-03-29 00:00:00+00:00,0.8500000238418579,0.8500000238418579,0.8999999761581421,0.8500000238418579,0.8999999761581421,65041
2023-03-31 00:00:00+00:00,0.8999999761581421,0.8999999761581421,0.8999999761581421,0.800000011920929,0.8500000238418579,146292
2023-04-03 00:00:00+00:00,0.8999999761581421,0.8999999761581421,0.949999988079071,0.8999999761581421,0.949999988079071,35924
2023-04-05 00:00:00+00:00,0.949999988079071,0.949999988079071,0.949999988079071,0.949999988079071,0.949999988079071,25936
2023-04-06 00:00:00+00:00,1.0,1.0,1.0,0.949999988079071,1.0,130922
2023-04-10 00:00:00+00:00,1.0499999523162842,1.0499999523162842,1.0499999523162842,1.0,1.0499999523162842,71852
2023-04-11 00:00:00+00:00,1.100000023841858,1.100000023841858,1.100000023841858,1.0499999523162842,1.100000023841858,31350
2023-04-12 00:00:00+00:00,1.149999976158142,1.149999976158142,1.149999976158142,1.100000023841858,1.100000023841858,92587
2023-04-13 00:00:00+00:00,1.100000023841858,1.100000023841858,1.2000000476837158,1.100000023841858,1.149999976158142,68573
2023-04-17 00:00:00+00:00,1.100000023841858,1.100000023841858,1.100000023841858,1.100000023841858,1.100000023841858,0
2023-04-18 00:00:00+00:00,1.100000023841858,1.100000023841858,1.100000023841858,1.100000023841858,1.100000023841858,0
2023-04-19 00:00:00+00:00,1.100000023841858,1.100000023841858,1.100000023841858,1.100000023841858,1.100000023841858,0
2023-04-20 00:00:00+00:00,1.100000023841858,1.100000023841858,1.100000023841858,1.100000023841858,1.100000023841858,0
2023-04-21 00:00:00+00:00,1.100000023841858,1.100000023841858,1.100000023841858,1.100000023841858,1.100000023841858,0
2023-04-24 00:00:00+00:00,1.0499999523162842,1.0499999523162842,1.0499999523162842,1.0499999523162842,1.0499999523162842,12123
2023-04-25 00:00:00+00:00,1.0499999523162842,1.0499999523162842,1.0499999523162842,1.0499999523162842,1.0499999523162842,0
2023-04-26 00:00:00+00:00,1.0499999523162842,1.0499999523162842,1.0499999523162842,1.0499999523162842,1.0499999523162842,0
2023-04-27 00:00:00+00:00,1.0499999523162842,1.0499999523162842,1.0499999523162842,1.0499999523162842,1.0499999523162842,0
2023-04-28 00:00:00+00:00,1.0499999523162842,1.0499999523162842,1.0499999523162842,1.0499999523162842,1.0499999523162842,0
2023-05-02 00:00:00+00:00,1.0,1.0,1.0,1.0,1.0,8125
2023-05-03 00:00:00+00:00,1.0,1.0,1.0,1.0,1.0,0
2023-05-04 00:00:00+00:00,1.0,1.0,1.0,1.0,1.0,0
2023-05-05 00:00:00+00:00,1.0,1.0,1.0,1.0,1.0,0
2023-05-08 00:00:00+00:00,0.949999988079071,0.949999988079071,0.949999988079071,0.949999988079071,0.949999988079071,30544
2023-05-09 00:00:00+00:00,0.949999988079071,0.949999988079071,0.949999988079071,0.949999988079071,0.949999988079071,0
2023-05-10 00:00:00+00:00,0.949999988079071,0.949999988079071,0.949999988079071,0.949999988079071,0.949999988079071,0
2023-05-11 00:00:00+00:00,0.949999988079071,0.949999988079071,0.949999988079071,0.949999988079071,0.949999988079071,0
2023-05-12 00:00:00+00:00,0.949999988079071,0.949999988079071,0.949999988079071,0.949999988079071,0.949999988079071,0
2023-05-15 00:00:00+00:00,0.8999999761581421,0.8999999761581421,0.8999999761581421,0.8999999761581421,0.8999999761581421,32167
2023-05-16 00:00:00+00:00,0.8999999761581421,0.8999999761581421,0.8999999761581421,0.8999999761581421,0.8999999761581421,0
2023-05-17 00:00:00+00:00,0.8999999761581421,0.8999999761581421,0.8999999761581421,0.8999999761581421,0.8999999761581421,0
2023-05-18 00:00:00+00:00,0.8999999761581421,0.8999999761581421,0.8999999761581421,0.8999999761581421,0.8999999761581421,0
2023-05-19 00:00:00+00:00,0.8999999761581421,0.8999999761581421,0.8999999761581421,0.8999999761581421,0.8999999761581421,0
2023-05-22 00:00:00+00:00,0.8500000238418579,0.8500000238418579,0.8500000238418579,0.8500000238418579,0.8500000238418579,12638
2023-05-23 00:00:00+00:00,0.8500000238418579,0.8500000238418579,0.8500000238418579,0.8500000238418579,0.8500000238418579,0
2023-05-24 00:00:00+00:00,0.8500000238418579,0.8500000238418579,0.8500000238418579,0.8500000238418579,0.8500000238418579,0
2023-05-25 00:00:00+00:00,0.8500000238418579,0.8500000238418579,0.8500000238418579,0.8500000238418579,0.8500000238418579,0
2023-05-26 00:00:00+00:00,0.8500000238418579,0.8500000238418579,0.8500000238418579,0.8500000238418579,0.8500000238418579,0
2023-05-29 00:00:00+00:00,0.800000011920929,0.800000011920929,0.800000011920929,0.800000011920929,0.800000011920929,35921
2023-05-30 00:00:00+00:00,0.800000011920929,0.800000011920929,0.800000011920929,0.800000011920929,0.800000011920929,0
2023-05-31 00:00:00+00:00,0.800000011920929,0.800000011920929,0.800000011920929,0.800000011920929,0.800000011920929,0
2023-06-01 00:00:00+00:00,0.800000011920929,0.800000011920929,0.8500000238418579,0.75,0.75,423195
2023-06-02 00:00:00+00:00,0.75,0.75,0.8500000238418579,0.75,0.800000011920929,481049
2023-06-05 00:00:00+00:00,0.800000011920929,0.800000011920929,0.800000011920929,0.75,0.75,164482
2023-06-06 00:00:00+00:00,0.8500000238418579,0.8500000238418579,0.8500000238418579,0.800000011920929,0.8500000238418579,195129
2023-06-07 00:00:00+00:00,0.8999999761581421,0.8999999761581421,0.8999999761581421,0.800000011920929,0.8999999761581421,196411
2023-06-08 00:00:00+00:00,0.949999988079071,0.949999988079071,0.949999988079071,0.8500000238418579,0.8500000238418579,371093
2023-06-09 00:00:00+00:00,0.949999988079071,0.949999988079071,1.0,0.8999999761581421,0.949999988079071,102483
2023-06-12 00:00:00+00:00,0.949999988079071,0.949999988079071,1.0,0.8999999761581421,1.0,85102
2023-06-13 00:00:00+00:00,0.949999988079071,0.949999988079071,0.949999988079071,0.949999988079071,0.949999988079071,0
2023-06-14 00:00:00+00:00,0.949999988079071,0.949999988079071,0.949999988079071,0.949999988079071,0.949999988079071,0
2023-06-15 00:00:00+00:00,0.949999988079071,0.949999988079071,0.949999988079071,0.949999988079071,0.949999988079071,0
2023-06-16 00:00:00+00:00,0.949999988079071,0.949999988079071,0.949999988079071,0.949999988079071,0.949999988079071,0
2023-06-19 00:00:00+00:00,0.8999999761581421,0.8999999761581421,0.949999988079071,0.8999999761581421,0.949999988079071,7559
2023-06-20 00:00:00+00:00,0.8999999761581421,0.8999999761581421,0.8999999761581421,0.8999999761581421,0.8999999761581421,0
2023-06-21 00:00:00+00:00,0.8999999761581421,0.8999999761581421,0.8999999761581421,0.8999999761581421,0.8999999761581421,0
2023-06-22 00:00:00+00:00,0.8999999761581421,0.8999999761581421,0.8999999761581421,0.8999999761581421,0.8999999761581421,0
2023-06-23 00:00:00+00:00,0.8999999761581421,0.8999999761581421,0.8999999761581421,0.8999999761581421,0.8999999761581421,0
2023-06-26 00:00:00+00:00,0.8500000238418579,0.8500000238418579,0.8500000238418579,0.8500000238418579,0.8500000238418579,7250
2023-06-27 00:00:00+00:00,0.8500000238418579,0.8500000238418579,0.8500000238418579,0.8500000238418579,0.8500000238418579,0
2023-06-28 00:00:00+00:00,0.8500000238418579,0.8500000238418579,0.8500000238418579,0.8500000238418579,0.8500000238418579,0
2023-06-30 00:00:00+00:00,0.8500000238418579,0.8500000238418579,0.8500000238418579,0.8500000238418579,0.8500000238418579,0
2023-07-03 00:00:00+00:00,0.800000011920929,0.800000011920929,0.800000011920929,0.800000011920929,0.800000011920929,18731
2023-07-04 00:00:00+00:00,0.800000011920929,0.800000011920929,0.800000011920929,0.800000011920929,0.800000011920929,0
2023-07-05 00:00:00+00:00,0.800000011920929,0.800000011920929,0.800000011920929,0.800000011920929,0.800000011920929,0
2023-07-06 00:00:00+00:00,0.800000011920929,0.800000011920929,0.800000011920929,0.800000011920929,0.800000011920929,0
2023-07-07 00:00:00+00:00,0.800000011920929,0.800000011920929,0.800000011920929,0.800000011920929,0.800000011920929,0
2023-07-10 00:00:00+00:00,0.75,0.75,0.75,0.75,0.75,27005
2023-07-11 00:00:00+00:00,0.75,0.75,0.75,0.75,0.75,0
2023-07-12 00:00:00+00:00,0.75,0.75,0.75,0.75,0.75,0
2023-07-13 00:00:00+00:00,0.75,0.75,0.75,0.75,0.75,0
2023-07-14 00:00:00+00:00,0.75,0.75,0.75,0.75,0.75,0
2023-07-17 00:00:00+00:00,0.699999988079071,0.699999988079071,0.699999988079071,0.699999988079071,0.699999988079071,29387
2023-07-18 00:00:00+00:00,0.699999988079071,0.699999988079071,0.699999988079071,0.699999988079071,0.699999988079071,0
2023-07-19 00:00:00+00:00,0.699999988079071,0.699999988079071,0.699999988079071,0.699999988079071,0.699999988079071,0
2023-07-20 00:00:00+00:00,0.699999988079071,0.699999988079071,0.699999988079071,0.699999988079071,0.699999988079071,0
2023-07-21 00:00:00+00:00,0.699999988079071,0.699999988079071,0.699999988079071,0.699999988079071,0.699999988079071,0
2023-07-24 00:00:00+00:00,0.6499999761581421,0.6499999761581421,0.6499999761581421,0.6499999761581421,0.6499999761581421,116843
2023-07-25 00:00:00+00:00,0.6499999761581421,0.6499999761581421,0.6499999761581421,0.6499999761581421,0.6499999761581421,0
2023-07-26 00:00:00+00:00,0.6499999761581421,0.6499999761581421,0.6499999761581421,0.6499999761581421,0.6499999761581421,0
2023-07-27 00:00:00+00:00,0.6499999761581421,0.6499999761581421,0.6499999761581421,0.6499999761581421,0.6499999761581421,0
2023-07-28 00:00:00+00:00,0.6499999761581421,0.6499999761581421,0.6499999761581421,0.6499999761581421,0.6499999761581421,0
2023-07-31 00:00:00+00:00,0.6000000238418579,0.6000000238418579,0.6000000238418579,0.6000000238418579,0.6000000238418579,55720
2023-08-01 00:00:00+00:00,0.6499999761581421,0.6499999761581421,0.6499999761581421,0.6000000238418579,0.6000000238418579,360385
2023-08-02 00:00:00+00:00,0.699999988079071,0.699999988079071,0.699999988079071,0.699999988079071,0.699999988079071,139536
2023-08-03 00:00:00+00:00,0.75,0.75,0.75,0.75,0.75,23913
2023-08-04 00:00:00+00:00,0.800000011920929,0.800000011920929,0.800000011920929,0.75,0.800000011920929,106962
2023-08-07 00:00:00+00:00,0.800000011920929,0.800000011920929,0.8500000238418579,0.800000011920929,0.8500000238418579,433198
2023-08-08 00:00:00+00:00,0.8500000238418579,0.8500000238418579,0.8500000238418579,0.8500000238418579,0.8500000238418579,75207
2023-08-09 00:00:00+00:00,0.8500000238418579,0.8500000238418579,0.8500000238418579,0.8500000238418579,0.8500000238418579,0
2023-08-10 00:00:00+00:00,0.8500000238418579,0.8500000238418579,0.8500000238418579,0.8500000238418579,0.8500000238418579,0
2023-08-11 00:00:00+00:00,0.8500000238418579,0.8500000238418579,0.8500000238418579,0.8500000238418579,0.8500000238418579,0
2023-08-14 00:00:00+00:00,0.8500000238418579,0.8500000238418579,0.8500000238418579,0.8500000238418579,0.8500000238418579,0
2023-08-16 00:00:00+00:00,0.8500000238418579,0.8500000238418579,0.8500000238418579,0.8500000238418579,0.8500000238418579,0
2023-08-17 00:00:00+00:00,0.8500000238418579,0.8500000238418579,0.8500000238418579,0.8500000238418579,0.8500000238418579,0
2023-08-18 00:00:00+00:00,0.8500000238418579,0.8500000238418579,0.8500000238418579,0.8500000238418579,0.8500000238418579,0
2023-08-21 00:00:00+00:00,0.800000011920929,0.800000011920929,0.800000011920929,0.800000011920929,0.800000011920929,126755
2023-08-22 00:00:00+00:00,0.800000011920929,0.800000011920929,0.800000011920929,0.800000011920929,0.800000011920929,0
2023-08-23 00:00:00+00:00,0.800000011920929,0.800000011920929,0.800000011920929,0.800000011920929,0.800000011920929,0
2023-08-24 00:00:00+00:00,0.800000011920929,0.800000011920929,0.800000011920929,0.800000011920929,0.800000011920929,0
2023-08-25 00:00:00+00:00,0.800000011920929,0.800000011920929,0.800000011920929,0.800000011920929,0.800000011920929,0
2023-08-28 00:00:00+00:00,0.75,0.75,0.800000011920929,0.75,0.75,69395
2023-08-29 00:00:00+00:00,0.75,0.75,0.75,0.75,0.75,0
2023-08-30 00:00:00+00:00,0.75,0.75,0.75,0.75,0.75,0
2023-08-31 00:00:00+00:00,0.75,0.75,0.75,0.75,0.75,0
2023-09-01 00:00:00+00:00,0.75,0.75,0.75,0.75,0.75,0
2023-09-04 00:00:00+00:00,0.699999988079071,0.699999988079071,0.699999988079071,0.699999988079071,0.699999988079071,33244
2023-09-05 00:00:00+00:00,0.699999988079071,0.699999988079071,0.699999988079071,0.699999988079071,0.699999988079071,0
2023-09-06 00:00:00+00:00,0.699999988079071,0.699999988079071,0.699999988079071,0.699999988079071,0.699999988079071,0
2023-09-07 00:00:00+00:00,0.699999988079071,0.699999988079071,0.699999988079071,0.699999988079071,0.699999988079071,0
2023-09-08 00:00:00+00:00,0.699999988079071,0.699999988079071,0.699999988079071,0.699999988079071,0.699999988079071,0
2023-09-11 00:00:00+00:00,0.6499999761581421,0.6499999761581421,0.6499999761581421,0.6499999761581421,0.6499999761581421,139051
2023-09-12 00:00:00+00:00,0.6499999761581421,0.6499999761581421,0.6499999761581421,0.6499999761581421,0.6499999761581421,0
2023-09-13 00:00:00+00:00,0.6499999761581421,0.6499999761581421,0.6499999761581421,0.6499999761581421,0.6499999761581421,0
2023-09-14 00:00:00+00:00,0.6499999761581421,0.6499999761581421,0.6499999761581421,0.6499999761581421,0.6499999761581421,0
2023-09-15 00:00:00+00:00,0.6499999761581421,0.6499999761581421,0.6499999761581421,0.6499999761581421,0.6499999761581421,0
2023-09-18 00:00:00+00:00,0.6000000238418579,0.6000000238418579,0.6000000238418579,0.6000000238418579,0.6000000238418579,169148
2023-09-20 00:00:00+00:00,0.6000000238418579,0.6000000238418579,0.6000000238418579,0.6000000238418579,0.6000000238418579,0
2023-09-21 00:00:00+00:00,0.6000000238418579,0.6000000238418579,0.6000000238418579,0.6000000238418579,0.6000000238418579,0
2023-09-22 00:00:00+00:00,0.6000000238418579,0.6000000238418579,0.6000000238418579,0.6000000238418579,0.6000000238418579,0
2023-09-25 00:00:00+00:00,0.6499999761581421,0.6499999761581421,0.6499999761581421,0.550000011920929,0.550000011920929,252742
2023-09-26 00:00:00+00:00,0.6499999761581421,0.6499999761581421,0.6499999761581421,0.6499999761581421,0.6499999761581421,0
2023-09-27 00:00:00+00:00,0.6499999761581421,0.6499999761581421,0.6499999761581421,0.6499999761581421,0.6499999761581421,0
2023-09-28 00:00:00+00:00,0.6499999761581421,0.6499999761581421,0.6499999761581421,0.6499999761581421,0.6499999761581421,0
2023-09-29 00:00:00+00:00,0.6499999761581421,0.6499999761581421,0.6499999761581421,0.6499999761581421,0.6499999761581421,0
2023-10-03 00:00:00+00:00,0.699999988079071,0.699999988079071,0.699999988079071,0.699999988079071,0.699999988079071,131498
2023-10-04 00:00:00+00:00,0.75,0.75,0.75,0.75,0.75,51103
2023-10-05 00:00:00+00:00,0.800000011920929,0.800000011920929,0.800000011920929,0.800000011920929,0.800000011920929,46544
2023-10-06 00:00:00+00:00,0.8500000238418579,0.8500000238418579,0.8500000238418579,0.8500000238418579,0.8500000238418579,39497
2023-10-09 00:00:00+00:00,0.8999999761581421,0.8999999761581421,0.8999999761581421,0.800000011920929,0.8999999761581421,626279
2023-10-10 00:00:00+00:00,0.8999999761581421,0.8999999761581421,0.8999999761581421,0.8999999761581421,0.8999999761581421,0
2023-10-11 00:00:00+00:00,0.8999999761581421,0.8999999761581421,0.8999999761581421,0.8999999761581421,0.8999999761581421,0
2023-10-12 00:00:00+00:00,0.8999999761581421,0.8999999761581421,0.8999999761581421,0.8999999761581421,0.8999999761581421,0
2023-10-13 00:00:00+00:00,0.8999999761581421,0.8999999761581421,0.8999999761581421,0.8999999761581421,0.8999999761581421,0
2023-10-16 00:00:00+00:00,0.8500000238418579,0.8500000238418579,0.8500000238418579,0.8500000238418579,0.8500000238418579,7405
2023-10-17 00:00:00+00:00,0.8500000238418579,0.8500000238418579,0.8500000238418579,0.8500000238418579,0.8500000238418579,0
2023-10-18 00:00:00+00:00,0.8500000238418579,0.8500000238418579,0.8500000238418579,0.8500000238418579,0.8500000238418579,0
2023-10-19 00:00:00+00:00,0.8500000238418579,0.8500000238418579,0.8500000238418579,0.8500000238418579,0.8500000238418579,0
2023-10-20 00:00:00+00:00,0.8500000238418579,0.8500000238418579,0.8500000238418579,0.8500000238418579,0.8500000238418579,0
2023-10-23 00:00:00+00:00,0.800000011920929,0.800000011920929,0.8999999761581421,0.800000011920929,0.800000011920929,279187
2023-10-25 00:00:00+00:00,0.800000011920929,0.800000011920929,0.800000011920929,0.800000011920929,0.800000011920929,0
2023-10-26 00:00:00+00:00,0.800000011920929,0.800000011920929,0.800000011920929,0.800000011920929,0.800000011920929,0
2023-10-27 00:00:00+00:00,0.800000011920929,0.800000011920929,0.800000011920929,0.800000011920929,0.800000011920929,0
2023-10-30 00:00:00+00:00,0.800000011920929,0.800000011920929,0.8500000238418579,0.75,0.800000011920929,176632
2023-10-31 00:00:00+00:00,0.800000011920929,0.800000011920929,0.800000011920929,0.800000011920929,0.800000011920929,0
2023-11-01 00:00:00+00:00,0.800000011920929,0.800000011920929,0.800000011920929,0.800000011920929,0.800000011920929,0
2023-11-02 00:00:00+00:00,0.800000011920929,0.800000011920929,0.800000011920929,0.800000011920929,0.800000011920929,0
2023-11-03 00:00:00+00:00,0.800000011920929,0.800000011920929,0.800000011920929,0.800000011920929,0.800000011920929,0
2023-11-06 00:00:00+00:00,0.75,0.75,0.800000011920929,0.75,0.800000011920929,1825
2023-11-07 00:00:00+00:00,0.75,0.75,0.75,0.75,0.75,0
2023-11-08 00:00:00+00:00,0.75,0.75,0.75,0.75,0.75,0
2023-11-09 00:00:00+00:00,0.75,0.75,0.75,0.75,0.75,0
2023-11-10 00:00:00+00:00,0.75,0.75,0.75,0.75,0.75,0
2023-11-13 00:00:00+00:00,0.699999988079071,0.699999988079071,0.699999988079071,0.699999988079071,0.699999988079071,81739
2023-11-15 00:00:00+00:00,0.699999988079071,0.699999988079071,0.699999988079071,0.699999988079071,0.699999988079071,0
2023-11-16 00:00:00+00:00,0.699999988079071,0.699999988079071,0.699999988079071,0.699999988079071,0.699999988079071,0
2023-11-17 00:00:00+00:00,0.699999988079071,0.699999988079071,0.699999988079071,0.699999988079071,0.699999988079071,0
2023-11-20 00:00:00+00:00,0.699999988079071,0.699999988079071,0.699999988079071,0.6499999761581421,0.6499999761581421,233810
2023-11-21 00:00:00+00:00,0.699999988079071,0.699999988079071,0.699999988079071,0.699999988079071,0.699999988079071,0
2023-11-22 00:00:00+00:00,0.699999988079071,0.699999988079071,0.699999988079071,0.699999988079071,0.699999988079071,0
2023-11-23 00:00:00+00:00,0.699999988079071,0.699999988079071,0.699999988079071,0.699999988079071,0.699999988079071,0
2023-11-24 00:00:00+00:00,0.699999988079071,0.699999988079071,0.699999988079071,0.699999988079071,0.699999988079071,0
2023-11-28 00:00:00+00:00,0.699999988079071,0.699999988079071,0.699999988079071,0.6499999761581421,0.6499999761581421,182143
2023-11-29 00:00:00+00:00,0.699999988079071,0.699999988079071,0.699999988079071,0.699999988079071,0.699999988079071,0
2023-11-30 00:00:00+00:00,0.699999988079071,0.699999988079071,0.699999988079071,0.699999988079071,0.699999988079071,0
2023-12-01 00:00:00+00:00,0.75,0.75,0.75,0.75,0.75,17988
2023-12-04 00:00:00+00:00,0.800000011920929,0.800000011920929,0.800000011920929,0.75,0.800000011920929,520959
2023-12-05 00:00:00+00:00,0.8500000238418579,0.8500000238418579,0.8500000238418579,0.800000011920929,0.800000011920929,640841
2023-12-06 00:00:00+00:00,0.8999999761581421,0.8999999761581421,0.8999999761581421,0.8999999761581421,0.8999999761581421,111351
2023-12-07 00:00:00+00:00,0.949999988079071,0.949999988079071,0.949999988079071,0.949999988079071,0.949999988079071,126326
2023-12-08 00:00:00+00:00,0.949999988079071,0.949999988079071,0.949999988079071,0.949999988079071,0.949999988079071,0
2023-12-11 00:00:00+00:00,0.8999999761581421,0.8999999761581421,0.949999988079071,0.8999999761581421,0.949999988079071,76144
2023-12-12 00:00:00+00:00,0.8999999761581421,0.8999999761581421,0.8999999761581421,0.8999999761581421,0.8999999761581421,0
2023-12-13 00:00:00+00:00,0.8999999761581421,0.8999999761581421,0.8999999761581421,0.8999999761581421,0.8999999761581421,0
2023-12-14 00:00:00+00:00,0.8999999761581421,0.8999999761581421,0.8999999761581421,0.8999999761581421,0.8999999761581421,0
2023-12-15 00:00:00+00:00,0.8999999761581421,0.8999999761581421,0.8999999761581421,0.8999999761581421,0.8999999761581421,0
2023-12-18 00:00:00+00:00,0.8500000238418579,0.8500000238418579,0.8500000238418579,0.8500000238418579,0.8500000238418579,130122
2023-12-19 00:00:00+00:00,0.8500000238418579,0.8500000238418579,0.8500000238418579,0.8500000238418579,0.8500000238418579,0
2023-12-20 00:00:00+00:00,0.8500000238418579,0.8500000238418579,0.8500000238418579,0.8500000238418579,0.8500000238418579,0
2023-12-21 00:00:00+00:00,0.8500000238418579,0.8500000238418579,0.8500000238418579,0.8500000238418579,0.8500000238418579,0
2023-12-22 00:00:00+00:00,0.8500000238418579,0.8500000238418579,0.8500000238418579,0.8500000238418579,0.8500000238418579,0
2023-12-26 00:00:00+00:00,0.800000011920929,0.800000011920929,0.800000011920929,0.800000011920929,0.800000011920929,12683
2023-12-27 00:00:00+00:00,0.800000011920929,0.800000011920929,0.800000011920929,0.800000011920929,0.800000011920929,0
2023-12-28 00:00:00+00:00,0.800000011920929,0.800000011920929,0.800000011920929,0.800000011920929,0.800000011920929,0
2023-12-29 00:00:00+00:00,0.800000011920929,0.800000011920929,0.800000011920929,0.800000011920929,0.800000011920929,0
2024-01-01 00:00:00+00:00,0.75,0.75,0.800000011920929,0.75,0.75,64406
2024-01-02 00:00:00+00:00,0.75,0.75,0.75,0.75,0.75,0
2024-01-03 00:00:00+00:00,0.75,0.75,0.75,0.75,0.75,0
2024-01-04 00:00:00+00:00,0.75,0.75,0.75,0.75,0.75,0
2024-01-05 00:00:00+00:00,0.75,0.75,0.75,0.75,0.75,0
2024-01-08 00:00:00+00:00,0.75,0.75,0.800000011920929,0.699999988079071,0.75,514452
2024-01-09 00:00:00+00:00,0.75,0.75,0.75,0.75,0.75,0
2024-01-10 00:00:00+00:00,0.75,0.75,0.75,0.75,0.75,0
2024-01-11 00:00:00+00:00,0.75,0.75,0.75,0.75,0.75,0
2024-01-12 00:00:00+00:00,0.75,0.75,0.75,0.75,0.75,0
2024-01-15 00:00:00+00:00,0.699999988079071,0.699999988079071,0.75,0.699999988079071,0.699999988079071,107805
2024-01-16 00:00:00+00:00,0.699999988079071,0.699999988079071,0.699999988079071,0.699999988079071,0.699999988079071,0
2024-01-17 00:00:00+00:00,0.699999988079071,0.699999988079071,0.699999988079071,0.699999988079071,0.699999988079071,0
2024-01-18 00:00:00+00:00,0.699999988079071,0.699999988079071,0.699999988079071,0.699999988079071,0.699999988079071,0
2024-01-19 00:00:00+00:00,0.699999988079071,0.699999988079071,0.699999988079071,0.699999988079071,0.699999988079071,0
2024-01-23 00:00:00+00:00,0.6499999761581421,0.6499999761581421,0.699999988079071,0.6499999761581421,0.699999988079071,551032
2024-01-24 00:00:00+00:00,0.6499999761581421,0.6499999761581421,0.6499999761581421,0.6499999761581421,0.6499999761581421,0
2024-01-25 00:00:00+00:00,0.6499999761581421,0.6499999761581421,0.6499999761581421,0.6499999761581421,0.6499999761581421,0
2024-01-29 00:00:00+00:00,0.699999988079071,0.699999988079071,0.699999988079071,0.6000000238418579,0.6499999761581421,479186
2024-01-30 00:00:00+00:00,0.699999988079071,0.699999988079071,0.699999988079071,0.699999988079071,0.699999988079071,0
2024-01-31 00:00:00+00:00,0.699999988079071,0.699999988079071,0.699999988079071,0.699999988079071,0.699999988079071,0
2024-02-01 00:00:00+00:00,0.75,0.75,0.75,0.75,0.75,22228
2024-02-02 00:00:00+00:00,0.800000011920929,0.800000011920929,0.800000011920929,0.800000011920929,0.800000011920929,117981
2024-02-05 00:00:00+00:00,0.8500000238418579,0.8500000238418579,0.8500000238418579,0.8500000238418579,0.8500000238418579,129434
2024-02-06 00:00:00+00:00,0.8999999761581421,0.8999999761581421,0.8999999761581421,0.8999999761581421,0.8999999761581421,678567
2024-02-07 00:00:00+00:00,0.949999988079071,0.949999988079071,0.949999988079071,0.949999988079071,0.949999988079071,528512
2024-02-08 00:00:00+00:00,0.949999988079071,0.949999988079071,0.949999988079071,0.949999988079071,0.949999988079071,0
2024-02-09 00:00:00+00:00,0.949999988079071,0.949999988079071,0.949999988079071,0.949999988079071,0.949999988079071,0
2024-02-12 00:00:00+00:00,0.8999999761581421,0.8999999761581421,0.8999999761581421,0.8999999761581421,0.8999999761581421,65415
2024-02-13 00:00:00+00:00,0.8999999761581421,0.8999999761581421,0.8999999761581421,0.8999999761581421,0.8999999761581421,0
2024-02-14 00:00:00+00:00,0.8999999761581421,0.8999999761581421,0.8999999761581421,0.8999999761581421,0.8999999761581421,0
2024-02-15 00:00:00+00:00,0.8999999761581421,0.8999999761581421,0.8999999761581421,0.8999999761581421,0.8999999761581421,0
2024-02-16 00:00:00+00:00,0.8999999761581421,0.8999999761581421,0.8999999761581421,0.8999999761581421,0.8999999761581421,0
2024-02-19 00:00:00+00:00,0.8500000238418579,0.8500000238418579,0.8500000238418579,0.8500000238418579,0.8500000238418579,13289
2024-02-20 00:00:00+00:00,0.8500000238418579,0.8500000238418579,0.8500000238418579,0.8500000238418579,0.8500000238418579,0
2024-02-21 00:00:00+00:00,0.8500000238418579,0.8500000238418579,0.8500000238418579,0.8500000238418579,0.8500000238418579,0
2024-02-22 00:00:00+00:00,0.8500000238418579,0.8500000238418579,0.8500000238418579,0.8500000238418579,0.8500000238418579,0
2024-02-23 00:00:00+00:00,0.8500000238418579,0.8500000238418579,0.8500000238418579,0.8500000238418579,0.8500000238418579,0
2024-02-26 00:00:00+00:00,0.800000011920929,0.800000011920929,0.800000011920929,0.800000011920929,0.800000011920929,17986
2024-02-27 00:00:00+00:00,0.800000011920929,0.800000011920929,0.800000011920929,0.800000011920929,0.800000011920929,0
2024-02-28 00:00:00+00:00,0.800000011920929,0.800000011920929,0.800000011920929,0.800000011920929,0.800000011920929,0
2024-02-29 00:00:00+00:00,0.800000011920929,0.800000011920929,0.800000011920929,0.800000011920929,0.800000011920929,0
2024-03-01 00:00:00+00:00,0.800000011920929,0.800000011920929,0.800000011920929,0.800000011920929,0.800000011920929,0
2024-03-04 00:00:00+00:00,0.75,0.75,0.75,0.75,0.75,10555
2024-03-05 00:00:00+00:00,0.75,0.75,0.75,0.75,0.75,0
2024-03-06 00:00:00+00:00,0.75,0.75,0.75,0.75,0.75,0
2024-03-07 00:00:00+00:00,0.75,0.75,0.75,0.75,0.75,0
2024-03-11 00:00:00+00:00,0.699999988079071,0.699999988079071,0.699999988079071,0.699999988079071,0.699999988079071,21671
2024-03-12 00:00:00+00:00,0.699999988079071,0.699999988079071,0.699999988079071,0.699999988079071,0.699999988079071,0
2024-03-13 00:00:00+00:00,0.699999988079071,0.699999988079071,0.699999988079071,0.699999988079071,0.699999988079071,0
2024-03-14 00:00:00+00:00,0.699999988079071,0.699999988079071,0.699999988079071,0.699999988079071,0.699999988079071,0
2024-03-15 00:00:00+00:00,0.699999988079071,0.699999988079071,0.699999988079071,0.699999988079071,0.699999988079071,0
2024-03-18 00:00:00+00:00,0.6499999761581421,0.6499999761581421,0.6499999761581421,0.6499999761581421,0.6499999761581421,75298
2024-03-19 00:00:00+00:00,0.6499999761581421,0.6499999761581421,0.6499999761581421,0.6499999761581421,0.6499999761581421,0
2024-03-20 00:00:00+00:00,0.6499999761581421,0.6499999761581421,0.6499999761581421,0.6499999761581421,0.6499999761581421,0
2024-03-21 00:00:00+00:00,0.6499999761581421,0.6499999761581421,0.6499999761581421,0.6499999761581421,0.6499999761581421,0
2024-03-22 00:00:00+00:00,0.6499999761581421,0.6499999761581421,0.6499999761581421,0.6499999761581421,0.6499999761581421,0
2024-03-26 00:00:00+00:00,0.6000000238418579,0.6000000238418579,0.6000000238418579,0.6000000238418579,0.6000000238418579,147836
2024-03-27 00:00:00+00:00,0.6000000238418579,0.6000000238418579,0.6000000238418579,0.6000000238418579,0.6000000238418579,0
2024-03-28 00:00:00+00:00,0.6000000238418579,0.6000000238418579,0.6000000238418579,0.6000000238418579,0.6000000238418579,0
2024-04-01 00:00:00+00:00,0.6499999761581421,0.6499999761581421,0.6499999761581421,0.550000011920929,0.6499999761581421,972430
2024-04-02 00:00:00+00:00,0.699999988079071,0.699999988079071,0.699999988079071,0.6499999761581421,0.699999988079071,136408
2024-04-03 00:00:00+00:00,0.75,0.75,0.75,0.699999988079071,0.75,147451
2024-04-04 00:00:00+00:00,0.800000011920929,0.800000011920929,0.800000011920929,0.800000011920929,0.800000011920929,156590
2024-04-05 00:00:00+00:00,0.8500000238418579,0.8500000238418579,0.8500000238418579,0.800000011920929,0.8500000238418579,445701
2024-04-08 00:00:00+00:00,0.8500000238418579,0.8500000238418579,0.8500000238418579,0.8500000238418579,0.8500000238418579,0
2024-04-09 00:00:00+00:00,0.8500000238418579,0.8500000238418579,0.8500000238418579,0.8500000238418579,0.8500000238418579,0
2024-04-10 00:00:00+00:00,0.8500000238418579,0.8500000238418579,0.8500000238418579,0.8500000238418579,0.8500000238418579,0
2024-04-12 00:00:00+00:00,0.8500000238418579,0.8500000238418579,0.8500000238418579,0.8500000238418579,0.8500000238418579,0
2024-04-15 00:00:00+00:00,0.800000011920929,0.800000011920929,0.800000011920929,0.800000011920929,0.800000011920929,55415
2024-04-16 00:00:00+00:00,0.800000011920929,0.800000011920929,0.800000011920929,0.800000011920929,0.800000011920929,0
2024-04-18 00:00:00+00:00,0.800000011920929,0.800000011920929,0.800000011920929,0.800000011920929,0.800000011920929,0
2024-04-19 00:00:00+00:00,0.800000011920929,0.800000011920929,0.800000011920929,0.800000011920929,0.800000011920929,0
2024-04-22 00:00:00+00:00,0.75,0.75,0.75,0.75,0.75,12422
2024-04-23 00:00:00+00:00,0.75,0.75,0.75,0.75,0.75,0
2024-04-24 00:00:00+00:00,0.75,0.75,0.75,0.75,0.75,0
2024-04-25 00:00:00+00:00,0.75,0.75,0.75,0.75,0.75,0
2024-04-26 00:00:00+00:00,0.75,0.75,0.75,0.75,0.75,0
2024-04-29 00:00:00+00:00,0.699999988079071,0.699999988079071,0.699999988079071,0.699999988079071,0.699999988079071,62800
2024-04-30 00:00:00+00:00,0.699999988079071,0.699999988079071,0.699999988079071,0.699999988079071,0.699999988079071,0
2024-05-02 00:00:00+00:00,0.699999988079071,0.699999988079071,0.699999988079071,0.699999988079071,0.699999988079071,0
2024-05-03 00:00:00+00:00,0.699999988079071,0.699999988079071,0.699999988079071,0.699999988079071,0.699999988079071,0
2024-05-06 00:00:00+00:00,0.6499999761581421,0.6499999761581421,0.75,0.6499999761581421,0.6499999761581421,205699
2024-05-07 00:00:00+00:00,0.6499999761581421,0.6499999761581421,0.6499999761581421,0.6499999761581421,0.6499999761581421,0
2024-05-08 00:00:00+00:00,0.6499999761581421,0.6499999761581421,0.6499999761581421,0.6499999761581421,0.6499999761581421,0
2024-05-09 00:00:00+00:00,0.6499999761581421,0.6499999761581421,0.6499999761581421,0.6499999761581421,0.6499999761581421,0
2024-05-10 00:00:00+00:00,0.6499999761581421,0.6499999761581421,0.6499999761581421,0.6499999761581421,0.6499999761581421,0
2024-05-13 00:00:00+00:00,0.6499999761581421,0.6499999761581421,0.699999988079071,0.6000000238418579,0.6499999761581421,24952
2024-05-14 00:00:00+00:00,0.6499999761581421,0.6499999761581421,0.6499999761581421,0.6499999761581421,0.6499999761581421,0
2024-05-15 00:00:00+00:00,0.6499999761581421,0.6499999761581421,0.6499999761581421,0.6499999761581421,0.6499999761581421,0
2024-05-16 00:00:00+00:00,0.6499999761581421,0.6499999761581421,0.6499999761581421,0.6499999761581421,0.6499999761581421,0
2024-05-17 00:00:00+00:00,0.6499999761581421,0.6499999761581421,0.6499999761581421,0.6499999761581421,0.6499999761581421,0
2024-05-21 00:00:00+00:00,0.6000000238418579,0.6000000238418579,0.699999988079071,0.6000000238418579,0.699999988079071,129477
2024-05-22 00:00:00+00:00,0.6000000238418579,0.6000000238418579,0.6000000238418579,0.6000000238418579,0.6000000238418579,0
2024-05-23 00:00:00+00:00,0.6000000238418579,0.6000000238418579,0.6000000238418579,0.6000000238418579,0.6000000238418579,0
2024-05-24 00:00:00+00:00,0.6000000238418579,0.6000000238418579,0.6000000238418579,0.6000000238418579,0.6000000238418579,0
2024-05-27 00:00:00+00:00,0.6499999761581421,0.6499999761581421,0.6499999761581421,0.550000011920929,0.6000000238418579,216641
2024-05-28 00:00:00+00:00,0.6499999761581421,0.6499999761581421,0.6499999761581421,0.6499999761581421,0.6499999761581421,0
2024-05-29 00:00:00+00:00,0.6499999761581421,0.6499999761581421,0.6499999761581421,0.6499999761581421,0.6499999761581421,0
2024-05-30 00:00:00+00:00,0.6499999761581421,0.6499999761581421,0.6499999761581421,0.6499999761581421,0.6499999761581421,0
2024-05-31 00:00:00+00:00,0.6499999761581421,0.6499999761581421,0.6499999761581421,0.6499999761581421,0.6499999761581421,0
2024-06-03 00:00:00+00:00,0.699999988079071,0.699999988079071,0.699999988079071,0.699999988079071,0.699999988079071,119523
2024-06-04 00:00:00+00:00,0.75,0.75,0.75,0.75,0.75,43373
2024-06-05 00:00:00+00:00,0.800000011920929,0.800000011920929,0.800000011920929,0.800000011920929,0.800000011920929,47152
2024-06-06 00:00:00+00:00,0.800000011920929,0.800000011920929,0.8500000238418579,0.75,0.8500000238418579,639621
2024-06-07 00:00:00+00:00,0.800000011920929,0.800000011920929,0.8500000238418579,0.75,0.8500000238418579,129108
2024-06-10 00:00:00+00:00,0.8100000023841858,0.8100000023841858,0.8399999737739563,0.800000011920929,0.8399999737739563,180476
2024-06-11 00:00:00+00:00,0.8500000238418579,0.8500000238418579,0.8500000238418579,0.8100000023841858,0.8500000238418579,256925
2024-06-12 00:00:00+00:00,0.8899999856948853,0.8899999856948853,0.8899999856948853,0.8799999952316284,0.8899999856948853,168635
2024-06-13 00:00:00+00:00,0.9300000071525574,0.9300000071525574,0.9300000071525574,0.9300000071525574,0.9300000071525574,22690
2024-06-14 00:00:00+00:00,0.9700000286102295,0.9700000286102295,0.9700000286102295,0.9300000071525574,0.9700000286102295,229411
2024-06-18 00:00:00+00:00,0.9700000286102295,0.9700000286102295,0.9700000286102295,0.9700000286102295,0.9700000286102295,0
2024-06-19 00:00:00+00:00,0.9700000286102295,0.9700000286102295,0.9700000286102295,0.9700000286102295,0.9700000286102295,0
2024-06-20 00:00:00+00:00,0.9700000286102295,0.9700000286102295,0.9700000286102295,0.9700000286102295,0.9700000286102295,0
2024-06-21 00:00:00+00:00,0.9700000286102295,0.9700000286102295,0.9700000286102295,0.9700000286102295,0.9700000286102295,0
2024-06-24 00:00:00+00:00,0.9200000166893005,0.9200000166893005,0.9200000166893005,0.9200000166893005,0.9200000166893005,20833
2024-06-25 00:00:00+00:00,0.9200000166893005,0.9200000166893005,0.9200000166893005,0.9200000166893005,0.9200000166893005,0
2024-06-26 00:00:00+00:00,0.9200000166893005,0.9200000166893005,0.9200000166893005,0.9200000166893005,0.9200000166893005,0
2024-06-27 00:00:00+00:00,0.9200000166893005,0.9200000166893005,0.9200000166893005,0.9200000166893005,0.9200000166893005,0
2024-06-28 00:00:00+00:00,0.9200000166893005,0.9200000166893005,0.9200000166893005,0.9200000166893005,0.9200000166893005,0
2024-07-01 00:00:00+00:00,0.8700000047683716,0.8700000047683716,0.949999988079071,0.8700000047683716,0.9200000166893005,8557
2024-07-02 00:00:00+00:00,0.8700000047683716,0.8700000047683716,0.8700000047683716,0.8700000047683716,0.8700000047683716,0
2024-07-03 00:00:00+00:00,0.8700000047683716,0.8700000047683716,0.8700000047683716,0.8700000047683716,0.8700000047683716,0
2024-07-04 00:00:00+00:00,0.8700000047683716,0.8700000047683716,0.8700000047683716,0.8700000047683716,0.8700000047683716,0
2024-07-05 00:00:00+00:00,0.8700000047683716,0.8700000047683716,0.8700000047683716,0.8700000047683716,0.8700000047683716,0
2024-07-08 00:00:00+00:00,0.8199999928474426,0.8199999928474426,0.8700000047683716,0.8199999928474426,0.8700000047683716,24072
2024-07-09 00:00:00+00:00,0.8199999928474426,0.8199999928474426,0.8199999928474426,0.8199999928474426,0.8199999928474426,0
2024-07-10 00:00:00+00:00,0.8199999928474426,0.8199999928474426,0.8199999928474426,0.8199999928474426,0.8199999928474426,0
2024-07-11 00:00:00+00:00,0.8199999928474426,0.8199999928474426,0.8199999928474426,0.8199999928474426,0.8199999928474426,0
2024-07-12 00:00:00+00:00,0.8199999928474426,0.8199999928474426,0.8199999928474426,0.8199999928474426,0.8199999928474426,0
2024-07-15 00:00:00+00:00,0.7699999809265137,0.7699999809265137,0.8199999928474426,0.7699999809265137,0.8199999928474426,69431
2024-07-16 00:00:00+00:00,0.7699999809265137,0.7699999809265137,0.7699999809265137,0.7699999809265137,0.7699999809265137,0
2024-07-18 00:00:00+00:00,0.7699999809265137,0.7699999809265137,0.7699999809265137,0.7699999809265137,0.7699999809265137,0
2024-07-19 00:00:00+00:00,0.7699999809265137,0.7699999809265137,0.7699999809265137,0.7699999809265137,0.7699999809265137,0
2024-07-22 00:00:00+00:00,0.7300000190734863,0.7300000190734863,0.7699999809265137,0.7300000190734863,0.7699999809265137,86654
2024-07-23 00:00:00+00:00,0.7300000190734863,0.7300000190734863,0.7300000190734863,0.7300000190734863,0.7300000190734863,0
2024-07-24 00:00:00+00:00,0.7300000190734863,0.7300000190734863,0.7300000190734863,0.7300000190734863,0.7300000190734863,0
2024-07-25 00:00:00+00:00,0.7300000190734863,0.7300000190734863,0.7300000190734863,0.7300000190734863,0.7300000190734863,0
2024-07-26 00:00:00+00:00,0.7300000190734863,0.7300000190734863,0.7300000190734863,0.7300000190734863,0.7300000190734863,0
2024-07-29 00:00:00+00:00,0.6899999976158142,0.6899999976158142,0.7599999904632568,0.6899999976158142,0.6899999976158142,579047
2024-07-30 00:00:00+00:00,0.6899999976158142,0.6899999976158142,0.6899999976158142,0.6899999976158142,0.6899999976158142,0
2024-07-31 00:00:00+00:00,0.6899999976158142,0.6899999976158142,0.6899999976158142,0.6899999976158142,0.6899999976158142,0
2024-08-01 00:00:00+00:00,0.7200000286102295,0.7200000286102295,0.7200000286102295,0.7200000286102295,0.7200000286102295,62834
2024-08-02 00:00:00+00:00,0.75,0.75,0.75,0.75,0.75,29040
2024-08-05 00:00:00+00:00,0.7799999713897705,0.7799999713897705,0.7799999713897705,0.7799999713897705,0.7799999713897705,152552
2024-08-06 00:00:00+00:00,0.8100000023841858,0.8100000023841858,0.8100000023841858,0.8100000023841858,0.8100000023841858,33630
2024-08-07 00:00:00+00:00,0.8399999737739563,0.8399999737739563,0.8500000238418579,0.7900000214576721,0.8500000238418579,257434
2024-08-08 00:00:00+00:00,0.8100000023841858,0.8100000023841858,0.8600000143051147,0.7900000214576721,0.8500000238418579,251177
2024-08-09 00:00:00+00:00,0.8199999928474426,0.8199999928474426,0.8500000238418579,0.7699999809265137,0.8500000238418579,200329
2024-08-12 00:00:00+00:00,0.8199999928474426,0.8199999928474426,0.8299999833106995,0.7699999809265137,0.7699999809265137,154359
2024-08-13 00:00:00+00:00,0.800000011920929,0.800000011920929,0.8299999833106995,0.7699999809265137,0.7699999809265137,100628
2024-08-14 00:00:00+00:00,0.7900000214576721,0.7900000214576721,0.8199999928474426,0.7599999904632568,0.8199999928474426,46874
2024-08-16 00:00:00+00:00,0.8100000023841858,0.8100000023841858,0.8199999928474426,0.7699999809265137,0.8199999928474426,87578
2024-08-19 00:00:00+00:00,0.8100000023841858,0.8100000023841858,0.8199999928474426,0.7799999713897705,0.8100000023841858,47503
2024-08-20 00:00:00+00:00,0.8199999928474426,0.8199999928474426,0.8299999833106995,0.7699999809265137,0.7699999809265137,54235
2024-08-21 00:00:00+00:00,0.8100000023841858,0.8100000023841858,0.8299999833106995,0.7900000214576721,0.8199999928474426,62567
2024-08-22 00:00:00+00:00,0.8100000023841858,0.8100000023841858,0.8299999833106995,0.7699999809265137,0.8299999833106995,170816
2024-08-23 00:00:00+00:00,0.8299999833106995,0.8299999833106995,0.8399999737739563,0.7699999809265137,0.7699999809265137,62390
2024-08-26 00:00:00+00:00,0.8299999833106995,0.8299999833106995,0.8700000047683716,0.8100000023841858,0.8700000047683716,81406
2024-08-27 00:00:00+00:00,0.8199999928474426,0.8199999928474426,0.8500000238418579,0.8199999928474426,0.8500000238418579,33676
2024-08-28 00:00:00+00:00,0.8199999928474426,0.8199999928474426,0.8600000143051147,0.8100000023841858,0.8500000238418579,158266
2024-08-29 00:00:00+00:00,0.8600000143051147,0.8600000143051147,0.8600000143051147,0.8199999928474426,0.8199999928474426,177917
2024-08-30 00:00:00+00:00,0.8999999761581421,0.8999999761581421,0.8999999761581421,0.8999999761581421,0.8999999761581421,27611
2024-09-02 00:00:00+00:00,0.9300000071525574,0.9300000071525574,0.9399999976158142,0.9100000262260437,0.9100000262260437,88642
2024-09-03 00:00:00+00:00,0.9700000286102295,0.9700000286102295,0.9700000286102295,0.8999999761581421,0.9700000286102295,131308
2024-09-04 00:00:00+00:00,1.0099999904632568,1.0099999904632568,1.0099999904632568,0.9200000166893005,0.9700000286102295,161000
2024-09-05 00:00:00+00:00,1.059999942779541,1.059999942779541,1.059999942779541,1.059999942779541,1.059999942779541,260179
2024-09-06 00:00:00+00:00,1.1100000143051147,1.1100000143051147,1.1100000143051147,1.100000023841858,1.1100000143051147,153848
2024-09-09 00:00:00+00:00,1.1200000047683716,1.1200000047683716,1.159999966621399,1.0499999523162842,1.159999966621399,123350
2024-09-10 00:00:00+00:00,1.059999942779541,1.059999942779541,1.159999966621399,1.059999942779541,1.159999966621399,68439
2024-09-11 00:00:00+00:00,1.0,1.0,1.1100000143051147,1.0,1.0,156708
2024-09-12 00:00:00+00:00,0.9900000095367432,0.9900000095367432,1.0499999523162842,0.949999988079071,1.0499999523162842,79080
2024-09-13 00:00:00+00:00,0.9399999976158142,0.9399999976158142,1.0299999713897705,0.9399999976158142,1.0,42352
2024-09-16 00:00:00+00:00,0.8899999856948853,0.8899999856948853,0.8899999856948853,0.8899999856948853,0.8899999856948853,30082
2024-09-17 00:00:00+00:00,0.8399999737739563,0.8399999737739563,0.8899999856948853,0.8399999737739563,0.8399999737739563,33197
2024-09-18 00:00:00+00:00,0.8799999952316284,0.8799999952316284,0.8799999952316284,0.7900000214576721,0.7900000214576721,30826
2024-09-19 00:00:00+00:00,0.8799999952316284,0.8799999952316284,0.9200000166893005,0.8299999833106995,0.9200000166893005,51696
2024-09-20 00:00:00+00:00,0.8399999737739563,0.8399999737739563,0.9200000166893005,0.8399999737739563,0.9200000166893005,42637
2024-09-23 00:00:00+00:00,0.8500000238418579,0.8500000238418579,0.8799999952316284,0.8399999737739563,0.8799999952316284,27027
2024-09-24 00:00:00+00:00,0.8899999856948853,0.8899999856948853,0.8899999856948853,0.8100000023841858,0.8500000238418579,48856
2024-09-25 00:00:00+00:00,0.8399999737739563,0.8399999737739563,0.9300000071525574,0.8399999737739563,0.9300000071525574,32298
2024-09-26 00:00:00+00:00,0.800000011920929,0.800000011920929,0.8799999952316284,0.800000011920929,0.8399999737739563,87346
2024-09-27 00:00:00+00:00,0.7799999713897705,0.7799999713897705,0.8399999737739563,0.7599999904632568,0.8399999737739563,56402
2024-09-30 00:00:00+00:00,0.800000011920929,0.800000011920929,0.8100000023841858,0.75,0.7799999713897705,42879
2024-10-01 00:00:00+00:00,0.8299999833106995,0.8299999833106995,0.8399999737739563,0.7599999904632568,0.7599999904632568,46783
2024-10-03 00:00:00+00:00,0.7900000214576721,0.7900000214576721,0.8700000047683716,0.7799999713897705,0.8700000047683716,33120
2024-10-04 00:00:00+00:00,0.8199999928474426,0.8199999928474426,0.8199999928474426,0.7900000214576721,0.7900000214576721,40941
2024-10-07 00:00:00+00:00,0.800000011920929,0.800000011920929,0.8600000143051147,0.7699999809265137,0.8600000143051147,42632
2024-10-08 00:00:00+00:00,0.7599999904632568,0.7599999904632568,0.8399999737739563,0.7599999904632568,0.800000011920929,52221
2024-10-09 00:00:00+00:00,0.7599999904632568,0.7599999904632568,0.7900000214576721,0.7300000190734863,0.7900000214576721,61985
2024-10-10 00:00:00+00:00,0.7900000214576721,0.7900000214576721,0.7900000214576721,0.7200000286102295,0.7599999904632568,9777
2024-10-11 00:00:00+00:00,0.75,0.75,0.7900000214576721,0.75,0.7900000214576721,72299
2024-10-14 00:00:00+00:00,0.7799999713897705,0.7799999713897705,0.7799999713897705,0.7799999713897705,0.7799999713897705,2407
2024-10-15 00:00:00+00:00,0.8100000023841858,0.8100000023841858,0.8100000023841858,0.8100000023841858,0.8100000023841858,16854
2024-10-16 00:00:00+00:00,0.8500000238418579,0.8500000238418579,0.8500000238418579,0.8500000238418579,0.8500000238418579,25690
2024-10-17 00:00:00+00:00,0.8899999856948853,0.8899999856948853,0.8899999856948853,0.8899999856948853,0.8899999856948853,34139
2024-10-18 00:00:00+00:00,0.9300000071525574,0.9300000071525574,0.9300000071525574,0.9300000071525574,0.9300000071525574,40751
2024-10-21 00:00:00+00:00,0.9599999785423279,0.9599999785423279,0.9700000286102295,0.8799999952316284,0.9700000286102295,338469
2024-10-22 00:00:00+00:00,0.9100000262260437,0.9100000262260437,1.0,0.9100000262260437,0.9800000190734863,132329
2024-10-23 00:00:00+00:00,0.9200000166893005,0.9200000166893005,0.949999988079071,0.8700000047683716,0.949999988079071,23682
2024-10-24 00:00:00+00:00,0.8700000047683716,0.8700000047683716,0.949999988079071,0.8700000047683716,0.949999988079071,111893
2024-10-25 00:00:00+00:00,0.8799999952316284,0.8799999952316284,0.9100000262260437,0.8199999928474426,0.8299999833106995,37476
2024-10-28 00:00:00+00:00,0.8399999737739563,0.8399999737739563,0.8999999761581421,0.8299999833106995,0.8299999833106995,131464
2024-10-29 00:00:00+00:00,0.8399999737739563,0.8399999737739563,0.8500000238418579,0.8100000023841858,0.8500000238418579,6662
2024-10-30 00:00:00+00:00,0.8399999737739563,0.8399999737739563,0.8799999952316284,0.800000011920929,0.8500000238418579,30926
2024-10-31 00:00:00+00:00,0.8799999952316284,0.8799999952316284,0.8799999952316284,0.8799999952316284,0.8799999952316284,18113
2024-11-01 00:00:00+00:00,0.8799999952316284,0.8799999952316284,0.8799999952316284,0.8799999952316284,0.8799999952316284,0
